0,0,16,16,0,0,1
16,0,16,16,0,0,1
32,0,16,16,0,0,1
48,0,16,16,0,0,1
64,0,16,16,0,0,1
80,0,16,16,0,0,1
96,0,16,16,0,0,1
112,0,16,16,0,0,1
128,0,16,16,0,0,1
144,0,16,16,0,0,1
160,0,16,16,0,0,1
176,0,16,16,0,0,1
192,0,16,16,0,0,1
208,0,16,16,0,0,1
224,0,16,16,0,0,1
240,0,16,16,0,0,1
256,0,16,16,0,0,1
272,0,16,16,0,0,1
288,0,16,16,0,0,1
304,0,16,16,0,0,1
320,0,16,16,0,0,1
336,0,16,16,0,0,1
352,0,16,16,0,0,1
368,0,16,16,0,0,1
384,0,16,16,0,0,1
400,0,16,16,0,0,1
416,0,16,16,0,0,1
432,0,16,16,0,0,1
448,0,16,16,0,0,1
464,0,16,16,0,0,1
480,0,16,16,0,0,1
496,0,16,16,0,0,1
0,16,16,16,0,0,1
16,16,16,16,0,0,1
32,16,16,16,0,0,1
48,16,16,16,0,0,1
64,16,16,16,0,0,1
80,16,16,16,0,0,1
96,16,16,16,0,0,1
112,16,16,16,0,0,1
128,16,16,16,0,0,1
144,16,16,16,0,0,1
160,16,16,16,0,0,1
176,16,16,16,0,0,1
192,16,16,16,0,0,1
208,16,16,16,0,0,1
224,16,16,16,0,0,1
240,16,16,16,0,0,1
256,16,16,16,0,0,1
272,16,16,16,0,0,1
288,16,16,16,0,0,1
304,16,16,16,0,0,1
320,16,16,16,0,0,1
336,16,16,16,0,0,1
352,16,16,16,0,0,1
368,16,16,16,0,0,1
384,16,16,16,0,0,1
400,16,16,16,0,0,1
416,16,16,16,0,0,1
432,16,16,16,0,0,1
448,16,16,16,0,0,1
464,16,16,16,0,0,1
480,16,16,16,0,0,1
496,16,16,16,0,0,1
0,32,16,16,0,0,1
16,32,16,16,0,0,1
32,32,16,16,0,0,1
48,32,16,16,0,0,1
64,32,16,16,0,0,1
80,32,16,16,0,0,1
96,32,16,16,0,0,1
112,32,16,16,0,0,1
128,32,16,16,0,0,1
144,32,16,16,0,0,1
160,32,16,16,0,0,1
176,32,16,16,0,0,1
192,32,16,16,0,0,1
208,32,16,16,0,0,1
224,32,16,16,0,0,1
240,32,16,16,0,0,1
256,32,16,16,0,0,1
272,32,16,16,0,0,1
288,32,16,16,0,0,1
304,32,16,16,0,0,1
320,32,16,16,0,0,1
336,32,16,16,0,0,1
352,32,16,16,0,0,1
368,32,16,16,0,0,1
384,32,16,16,0,0,1
400,32,16,16,0,0,1
416,32,16,16,0,0,1
432,32,16,16,0,0,1
448,32,16,16,0,0,1
464,32,16,16,0,0,1
480,32,16,16,0,0,1
496,32,16,16,0,0,1
0,48,16,16,0,0,1
16,48,16,16,0,0,1
480,368,8,16,0,0,1
32,48,16,16,0,0,1
48,48,16,16,0,0,1
64,48,16,16,0,0,1
80,48,16,16,0,0,1
96,48,16,16,0,0,1
112,48,16,16,0,0,1
128,48,16,16,0,0,1
144,48,16,16,0,0,1
160,48,16,16,0,0,1
176,48,16,16,0,0,1
192,48,16,16,0,0,1
208,48,16,16,0,0,1
224,48,16,16,0,0,1
240,48,16,16,0,0,1
240,48,16,16,0,0,3
240,48,16,16,0,0,5
240,48,16,16,0,0,7
256,48,16,16,0,0,1
256,48,16,16,0,0,3
256,48,16,16,0,0,5
256,48,16,16,0,0,7
272,48,16,16,0,0,1
272,48,16,16,0,0,3
272,48,16,16,0,0,5
272,48,16,16,0,0,7
288,48,16,16,0,0,1
288,48,16,16,0,0,3
288,48,16,16,0,0,5
288,48,16,16,0,0,7
304,48,16,16,0,0,1
304,48,16,16,0,0,3
304,48,16,16,0,0,5
304,48,16,16,0,0,7
320,48,16,16,0,0,1
320,48,16,16,0,0,3
320,48,16,16,0,0,5
320,48,16,16,0,0,7
384,384,8,16,0,0,1
384,384,8,16,0,0,3
384,384,8,16,0,0,5
384,384,8,16,0,0,7
392,384,8,16,0,0,1
392,384,8,16,0,0,3
392,384,8,16,0,0,5
392,384,8,16,0,0,7
336,48,16,16,0,0,1
336,48,16,16,0,0,3
336,48,16,16,0,0,5
336,48,16,16,0,0,7
400,384,8,16,0,0,1
400,384,8,16,0,0,3
400,384,8,16,0,0,5
400,384,8,16,0,0,7
408,384,8,16,0,0,1
408,384,8,16,0,0,3
408,384,8,16,0,0,5
408,384,8,16,0,0,7
352,48,16,16,0,0,1
352,48,16,16,0,0,3
352,48,16,16,0,0,5
352,48,16,16,0,0,7
368,48,16,16,0,0,1
368,48,16,16,0,0,3
368,48,16,16,0,0,5
368,48,16,16,0,0,7
168,496,8,16,0,0,1
176,496,8,16,0,0,1
168,496,8,16,0,0,1
184,496,8,16,0,0,1
384,48,16,16,0,0,1
400,48,16,16,0,0,1
480,328,16,8,0,0,1
480,328,16,8,0,0,3
480,328,16,8,0,0,5
480,328,16,8,0,0,7
496,328,16,8,0,0,1
496,328,16,8,0,0,3
496,328,16,8,0,0,5
496,328,16,8,0,0,7
328,384,8,16,0,0,1
328,384,8,16,0,0,3
328,384,8,16,0,0,5
328,384,8,16,0,0,7
416,48,16,16,0,0,1
432,48,16,16,0,0,1
448,48,16,16,0,0,1
464,48,16,16,0,0,1
480,48,16,16,0,0,1
496,48,16,16,0,0,1
0,64,16,16,0,0,1
0,64,16,16,0,0,3
0,64,16,16,0,0,5
0,64,16,16,0,0,7
16,64,16,16,0,0,1
16,64,16,16,0,0,3
16,64,16,16,0,0,5
16,64,16,16,0,0,7
352,384,8,16,0,0,1
352,384,8,16,0,0,3
352,384,8,16,0,0,5
352,384,8,16,0,0,7
360,384,8,16,0,0,1
360,384,8,16,0,0,3
360,384,8,16,0,0,5
360,384,8,16,0,0,7
368,384,8,16,0,0,1
368,384,8,16,0,0,3
368,384,8,16,0,0,5
368,384,8,16,0,0,7
32,64,16,16,0,0,1
48,64,16,16,0,0,1
64,64,16,16,0,0,1
80,64,16,16,0,0,1
96,64,16,16,0,0,1
112,64,16,16,0,0,1
128,64,16,16,0,0,1
144,64,16,16,0,0,1
160,64,16,16,0,0,1
176,64,16,16,0,0,1
192,64,16,16,0,0,1
208,64,16,16,0,0,1
224,64,16,16,0,0,1
240,64,16,16,0,0,1
256,64,16,16,0,0,1
272,64,16,16,0,0,1
288,64,16,16,0,0,1
304,64,16,16,0,0,1
320,64,16,16,0,0,1
336,64,16,16,0,0,1
504,352,8,16,0,0,1
336,64,16,16,0,0,9
352,64,16,16,0,0,1
368,64,16,16,0,0,1
496,352,8,16,0,0,1
368,64,16,16,0,0,9
384,64,16,16,0,0,1
400,64,16,16,0,0,1
416,64,16,16,0,0,1
400,80,16,16,0,0,1
168,480,8,16,0,0,1
432,64,16,16,0,0,1
448,64,16,16,0,0,1
464,64,16,16,0,0,1
480,64,16,16,0,0,1
496,64,16,16,0,0,1
0,80,16,16,0,0,1
16,80,16,16,0,0,1
32,80,16,16,0,0,1
48,80,16,16,0,0,1
64,80,16,16,0,0,1
48,80,16,16,0,0,9
32,80,16,16,0,0,17
48,80,16,16,0,0,17
64,80,16,16,0,0,17
48,80,16,16,0,0,25
80,80,16,16,0,0,1
96,80,16,16,0,0,1
80,80,16,16,0,0,9
96,80,16,16,0,0,9
416,392,8,8,0,0,1
424,384,8,16,0,0,1
112,80,16,16,0,0,1
128,80,16,16,0,0,1
144,80,16,16,0,0,1
160,80,16,16,0,0,1
176,80,16,16,0,0,1
192,80,16,16,0,0,1
208,80,16,16,0,0,1
224,80,16,16,0,0,1
240,80,16,16,0,0,1
256,80,16,16,0,0,1
272,80,16,16,0,0,1
288,80,16,16,0,0,1
304,80,16,16,0,0,1
304,80,16,16,0,0,3
320,80,16,16,0,0,1
320,80,16,16,0,0,9
336,80,16,16,0,0,1
352,80,16,16,0,0,1
488,352,8,16,0,0,1
368,80,16,16,0,0,1
384,80,16,16,0,0,1
416,80,16,16,0,0,1
432,80,16,16,0,0,1
448,80,16,16,0,0,1
464,80,16,16,0,0,1
480,80,16,16,0,0,1
496,80,16,16,0,0,1
0,96,16,16,0,0,1
16,96,16,16,0,0,1
32,96,16,16,0,0,1
48,96,16,16,0,0,1
48,96,16,16,0,0,3
48,96,16,16,0,0,5
48,96,16,16,0,0,7
64,96,16,16,0,0,1
64,96,16,16,0,0,3
64,96,16,16,0,0,5
64,96,16,16,0,0,7
80,96,16,16,0,0,1
96,96,16,16,0,0,1
400,496,16,8,0,0,1
400,496,16,8,0,0,3
400,496,16,8,0,0,5
400,496,16,8,0,0,7
112,96,16,16,0,0,1
128,96,16,16,0,0,1
144,96,16,16,0,0,1
160,96,16,16,0,0,1
176,96,16,16,0,0,1
192,96,16,16,0,0,1
208,96,16,16,0,0,1
224,96,16,16,0,0,1
240,96,16,16,0,0,1
256,96,16,16,0,0,1
272,96,16,16,0,0,1
488,368,8,16,0,0,1
488,368,8,16,0,0,3
488,368,8,16,0,0,5
488,368,8,16,0,0,7
376,384,8,16,0,0,1
376,384,8,16,0,0,3
376,384,8,16,0,0,5
376,384,8,16,0,0,7
288,96,16,16,0,0,1
288,96,16,16,0,0,3
288,96,16,16,0,0,5
288,96,16,16,0,0,7
304,96,16,16,0,0,1
304,96,16,16,0,0,3
304,96,16,16,0,0,5
304,96,16,16,0,0,7
320,96,16,16,0,0,1
320,96,16,16,0,0,3
320,96,16,16,0,0,5
320,96,16,16,0,0,7
336,96,16,16,0,0,1
352,96,16,16,0,0,1
368,96,16,16,0,0,1
384,96,16,16,0,0,1
400,96,16,16,0,0,1
416,96,16,16,0,0,1
432,96,16,16,0,0,1
448,96,16,16,0,0,1
464,96,16,16,0,0,1
480,96,16,16,0,0,1
496,96,16,16,0,0,1
480,352,8,16,0,0,1
0,112,16,16,0,0,1
0,112,16,16,0,0,3
0,112,16,16,0,0,5
0,112,16,16,0,0,7
16,112,16,16,0,0,1
16,112,16,16,0,0,3
16,112,16,16,0,0,5
16,112,16,16,0,0,7
32,112,16,16,0,0,1
32,112,16,16,0,0,3
32,112,16,16,0,0,5
32,112,16,16,0,0,7
48,112,16,16,0,0,1
48,112,16,16,0,0,3
48,112,16,16,0,0,5
48,112,16,16,0,0,7
64,112,16,16,0,0,1
80,112,16,16,0,0,1
96,112,16,16,0,0,1
112,112,16,16,0,0,1
96,112,16,16,0,0,9
128,112,16,16,0,0,1
144,120,16,8,0,0,1
160,120,16,8,0,0,1
144,112,16,8,0,0,1
160,112,16,8,0,0,1
176,112,16,16,0,0,1
176,112,16,16,0,0,3
176,112,16,16,0,0,5
176,112,16,16,0,0,7
192,112,16,16,0,0,1
192,112,16,16,0,0,3
192,112,16,16,0,0,5
192,112,16,16,0,0,7
208,112,16,16,0,0,1
208,112,16,16,0,0,3
208,112,16,16,0,0,5
208,112,16,16,0,0,7
224,112,16,16,0,0,1
224,112,16,16,0,0,3
224,112,16,16,0,0,5
224,112,16,16,0,0,7
240,112,16,16,0,0,1
240,112,16,16,0,0,3
240,112,16,16,0,0,5
240,112,16,16,0,0,7
256,112,16,16,0,0,1
256,112,16,16,0,0,9
256,112,16,16,0,0,3
256,112,16,16,0,0,11
256,112,16,16,0,0,5
256,112,16,16,0,0,13
256,112,16,16,0,0,7
256,112,16,16,0,0,15
272,112,16,16,0,0,1
272,112,16,16,0,0,3
272,112,16,16,0,0,5
272,112,16,16,0,0,7
288,112,16,16,0,0,1
304,112,16,16,0,0,1
288,112,16,16,0,0,3
304,112,16,16,0,0,3
288,112,16,16,0,0,5
304,112,16,16,0,0,5
288,112,16,16,0,0,7
304,112,16,16,0,0,7
320,112,16,16,0,0,1
336,112,16,16,0,0,1
320,112,16,16,0,0,9
336,112,16,16,0,0,9
352,112,16,16,0,0,1
352,112,16,16,0,0,9
352,112,16,16,0,0,3
352,112,16,16,0,0,11
352,112,16,16,0,0,5
352,112,16,16,0,0,13
352,112,16,16,0,0,7
352,112,16,16,0,0,15
368,112,16,16,0,0,1
368,112,16,16,0,0,9
368,112,16,16,0,0,3
368,112,16,16,0,0,11
368,112,16,16,0,0,5
368,112,16,16,0,0,13
368,112,16,16,0,0,7
368,112,16,16,0,0,15
384,112,16,16,0,0,1
384,112,16,16,0,0,3
384,112,16,16,0,0,5
384,112,16,16,0,0,7
400,112,16,16,0,0,1
400,112,16,16,0,0,3
400,112,16,16,0,0,5
400,112,16,16,0,0,7
416,112,16,16,0,0,1
416,112,16,16,0,0,3
416,112,16,16,0,0,5
416,112,16,16,0,0,7
432,112,16,16,0,0,1
416,400,8,16,0,0,1
424,400,8,16,0,0,1
432,400,8,16,0,0,1
440,400,8,16,0,0,1
448,400,8,16,0,0,1
456,400,8,16,0,0,1
320,128,16,16,0,0,1
336,128,16,16,0,0,1
352,128,16,16,0,0,1
368,128,16,16,0,0,1
384,128,16,16,0,0,1
400,128,16,16,0,0,1
416,128,16,16,0,0,1
432,128,16,16,0,0,1
448,128,16,16,0,0,1
464,128,16,16,0,0,1
480,128,16,16,0,0,1
496,128,16,16,0,0,1
0,272,16,16,0,0,1
16,272,16,16,0,0,1
0,272,16,16,0,0,9
32,272,16,16,0,0,1
48,272,16,16,0,0,1
48,272,16,16,0,0,1
48,272,16,16,0,0,9
48,272,16,16,0,0,9
64,272,16,16,0,0,1
80,272,16,16,0,0,1
64,272,16,16,0,0,9
96,272,16,16,0,0,1
112,272,16,16,0,0,1
112,272,16,16,0,0,1
112,272,16,16,0,0,9
112,272,16,16,0,0,9
128,272,16,16,0,0,1
144,272,16,16,0,0,1
128,272,16,16,0,0,9
160,272,16,16,0,0,1
176,272,16,16,0,0,1
176,272,16,16,0,0,1
176,272,16,16,0,0,9
176,272,16,16,0,0,9
192,272,16,16,0,0,1
208,272,16,16,0,0,1
192,272,16,16,0,0,9
224,272,16,16,0,0,1
240,272,16,16,0,0,1
240,272,16,16,0,0,1
240,272,16,16,0,0,9
240,272,16,16,0,0,9
0,144,16,16,0,0,1
16,144,16,16,0,0,1
0,144,16,16,0,0,1
32,144,16,16,0,0,1
48,144,16,16,0,0,1
64,144,16,16,0,0,1
48,144,16,16,0,0,1
64,144,16,16,0,0,9
0,144,16,16,0,0,9
16,144,16,16,0,0,9
0,144,16,16,0,0,9
32,144,16,16,0,0,9
80,144,16,16,0,0,1
96,144,16,16,0,0,1
80,144,16,16,0,0,1
96,144,16,16,0,0,9
112,144,16,16,0,0,1
112,144,16,16,0,0,1
112,144,16,16,0,0,9
112,144,16,16,0,0,9
128,144,16,16,0,0,1
144,144,16,16,0,0,1
128,144,16,16,0,0,1
160,144,16,16,0,0,1
176,144,16,16,0,0,1
192,144,16,16,0,0,1
176,144,16,16,0,0,1
192,144,16,16,0,0,9
128,144,16,16,0,0,9
144,144,16,16,0,0,9
128,144,16,16,0,0,9
160,144,16,16,0,0,9
208,144,16,16,0,0,1
224,144,16,16,0,0,1
208,144,16,16,0,0,1
224,144,16,16,0,0,9
240,144,16,16,0,0,1
240,144,16,16,0,0,1
240,144,16,16,0,0,9
240,144,16,16,0,0,9
256,144,16,16,0,0,1
272,144,16,16,0,0,1
256,144,16,16,0,0,1
288,144,16,16,0,0,1
304,144,16,16,0,0,1
320,144,16,16,0,0,1
304,144,16,16,0,0,1
320,144,16,16,0,0,9
256,144,16,16,0,0,9
272,144,16,16,0,0,9
256,144,16,16,0,0,9
288,144,16,16,0,0,9
336,144,16,16,0,0,1
352,144,16,16,0,0,1
336,144,16,16,0,0,1
352,144,16,16,0,0,9
368,144,16,16,0,0,1
368,144,16,16,0,0,1
368,144,16,16,0,0,9
368,144,16,16,0,0,9
384,144,16,16,0,0,1
400,144,16,16,0,0,1
384,144,16,16,0,0,1
416,144,16,16,0,0,1
432,144,16,16,0,0,1
448,144,16,16,0,0,1
432,144,16,16,0,0,1
448,144,16,16,0,0,9
384,144,16,16,0,0,9
400,144,16,16,0,0,9
384,144,16,16,0,0,9
416,144,16,16,0,0,9
464,144,16,16,0,0,1
480,144,16,16,0,0,1
464,144,16,16,0,0,1
480,144,16,16,0,0,9
496,144,16,16,0,0,1
496,144,16,16,0,0,1
496,144,16,16,0,0,9
496,144,16,16,0,0,9
0,160,16,16,0,0,1
16,160,16,16,0,0,1
0,160,16,16,0,0,1
32,160,16,16,0,0,1
48,160,16,16,0,0,1
64,160,16,16,0,0,1
48,160,16,16,0,0,1
64,160,16,16,0,0,9
0,160,16,16,0,0,9
16,160,16,16,0,0,9
0,160,16,16,0,0,9
32,160,16,16,0,0,9
80,160,16,16,0,0,1
96,160,16,16,0,0,1
80,160,16,16,0,0,1
96,160,16,16,0,0,9
112,160,16,16,0,0,1
112,160,16,16,0,0,1
112,160,16,16,0,0,9
112,160,16,16,0,0,9
128,160,16,16,0,0,1
144,160,16,16,0,0,1
128,160,16,16,0,0,1
160,160,16,16,0,0,1
176,160,16,16,0,0,1
192,160,16,16,0,0,1
176,160,16,16,0,0,1
192,160,16,16,0,0,9
128,160,16,16,0,0,9
144,160,16,16,0,0,9
128,160,16,16,0,0,9
160,160,16,16,0,0,9
208,160,16,16,0,0,1
224,160,16,16,0,0,1
208,160,16,16,0,0,1
224,160,16,16,0,0,9
240,160,16,16,0,0,1
240,160,16,16,0,0,1
240,160,16,16,0,0,9
240,160,16,16,0,0,9
256,160,16,16,0,0,1
272,160,16,16,0,0,1
256,160,16,16,0,0,1
288,160,16,16,0,0,1
304,160,16,16,0,0,1
320,160,16,16,0,0,1
304,160,16,16,0,0,1
320,160,16,16,0,0,9
256,160,16,16,0,0,9
272,160,16,16,0,0,9
256,160,16,16,0,0,9
288,160,16,16,0,0,9
336,160,16,16,0,0,1
352,160,16,16,0,0,1
336,160,16,16,0,0,1
352,160,16,16,0,0,9
368,160,16,16,0,0,1
368,160,16,16,0,0,1
368,160,16,16,0,0,9
368,160,16,16,0,0,9
384,160,16,16,0,0,1
400,160,16,16,0,0,1
384,160,16,16,0,0,1
416,160,16,16,0,0,1
432,160,16,16,0,0,1
448,160,16,16,0,0,1
432,160,16,16,0,0,1
448,160,16,16,0,0,9
384,160,16,16,0,0,9
400,160,16,16,0,0,9
384,160,16,16,0,0,9
416,160,16,16,0,0,9
464,160,16,16,0,0,1
480,160,16,16,0,0,1
464,160,16,16,0,0,1
480,160,16,16,0,0,9
496,160,16,16,0,0,1
496,160,16,16,0,0,1
496,160,16,16,0,0,9
496,160,16,16,0,0,9
0,176,16,16,0,0,1
16,176,16,16,0,0,1
0,176,16,16,0,0,1
32,176,16,16,0,0,1
48,176,16,16,0,0,1
64,176,16,16,0,0,1
48,176,16,16,0,0,1
64,176,16,16,0,0,9
0,176,16,16,0,0,9
16,176,16,16,0,0,9
0,176,16,16,0,0,9
32,176,16,16,0,0,9
80,176,16,16,0,0,1
96,176,16,16,0,0,1
80,176,16,16,0,0,1
96,176,16,16,0,0,9
112,176,16,16,0,0,1
112,176,16,16,0,0,1
112,176,16,16,0,0,9
112,176,16,16,0,0,9
128,176,16,16,0,0,1
144,176,16,16,0,0,1
128,176,16,16,0,0,1
160,176,16,16,0,0,1
176,176,16,16,0,0,1
192,176,16,16,0,0,1
176,176,16,16,0,0,1
192,176,16,16,0,0,9
128,176,16,16,0,0,9
144,176,16,16,0,0,9
128,176,16,16,0,0,9
160,176,16,16,0,0,9
208,176,16,16,0,0,1
224,176,16,16,0,0,1
208,176,16,16,0,0,1
224,176,16,16,0,0,9
240,176,16,16,0,0,1
240,176,16,16,0,0,1
240,176,16,16,0,0,9
240,176,16,16,0,0,9
256,176,16,16,0,0,1
272,176,16,16,0,0,1
256,176,16,16,0,0,1
288,176,16,16,0,0,1
304,176,16,16,0,0,1
320,176,16,16,0,0,1
304,176,16,16,0,0,1
320,176,16,16,0,0,9
256,176,16,16,0,0,9
272,176,16,16,0,0,9
256,176,16,16,0,0,9
288,176,16,16,0,0,9
336,176,16,16,0,0,1
352,176,16,16,0,0,1
336,176,16,16,0,0,1
352,176,16,16,0,0,9
368,176,16,16,0,0,1
368,176,16,16,0,0,1
368,176,16,16,0,0,9
368,176,16,16,0,0,9
384,176,16,16,0,0,1
400,176,16,16,0,0,1
384,176,16,16,0,0,1
416,176,16,16,0,0,1
432,176,16,16,0,0,1
448,176,16,16,0,0,1
432,176,16,16,0,0,1
448,176,16,16,0,0,9
384,176,16,16,0,0,9
400,176,16,16,0,0,9
384,176,16,16,0,0,9
416,176,16,16,0,0,9
464,176,16,16,0,0,1
480,176,16,16,0,0,1
464,176,16,16,0,0,1
480,176,16,16,0,0,9
496,176,16,16,0,0,1
496,176,16,16,0,0,1
496,176,16,16,0,0,9
496,176,16,16,0,0,9
0,192,16,16,0,0,1
16,192,16,16,0,0,1
0,192,16,16,0,0,1
32,192,16,16,0,0,1
48,192,16,16,0,0,1
64,192,16,16,0,0,1
48,192,16,16,0,0,1
64,192,16,16,0,0,9
0,192,16,16,0,0,9
16,192,16,16,0,0,9
0,192,16,16,0,0,9
32,192,16,16,0,0,9
80,192,16,16,0,0,1
96,192,16,16,0,0,1
80,192,16,16,0,0,1
96,192,16,16,0,0,9
112,192,16,16,0,0,1
112,192,16,16,0,0,1
112,192,16,16,0,0,9
112,192,16,16,0,0,9
128,192,16,16,0,0,1
144,192,16,16,0,0,1
128,192,16,16,0,0,1
160,192,16,16,0,0,1
176,192,16,16,0,0,1
192,192,16,16,0,0,1
176,192,16,16,0,0,1
192,192,16,16,0,0,9
128,192,16,16,0,0,9
144,192,16,16,0,0,9
128,192,16,16,0,0,9
160,192,16,16,0,0,9
208,192,16,16,0,0,1
224,192,16,16,0,0,1
208,192,16,16,0,0,1
224,192,16,16,0,0,9
240,192,16,16,0,0,1
240,192,16,16,0,0,1
240,192,16,16,0,0,9
240,192,16,16,0,0,9
256,192,16,16,0,0,1
272,192,16,16,0,0,1
256,192,16,16,0,0,1
288,192,16,16,0,0,1
304,192,16,16,0,0,1
320,192,16,16,0,0,1
304,192,16,16,0,0,1
320,192,16,16,0,0,9
256,192,16,16,0,0,9
272,192,16,16,0,0,9
256,192,16,16,0,0,9
288,192,16,16,0,0,9
336,192,16,16,0,0,1
352,192,16,16,0,0,1
336,192,16,16,0,0,1
352,192,16,16,0,0,9
368,192,16,16,0,0,1
368,192,16,16,0,0,1
368,192,16,16,0,0,9
368,192,16,16,0,0,9
384,192,16,16,0,0,1
400,192,16,16,0,0,1
384,192,16,16,0,0,1
416,192,16,16,0,0,1
432,192,16,16,0,0,1
448,192,16,16,0,0,1
432,192,16,16,0,0,1
448,192,16,16,0,0,9
384,192,16,16,0,0,9
400,192,16,16,0,0,9
384,192,16,16,0,0,9
416,192,16,16,0,0,9
464,192,16,16,0,0,1
480,192,16,16,0,0,1
464,192,16,16,0,0,1
480,192,16,16,0,0,9
496,192,16,16,0,0,1
496,192,16,16,0,0,1
496,192,16,16,0,0,9
496,192,16,16,0,0,9
0,208,16,16,0,0,1
16,208,16,16,0,0,1
0,208,16,16,0,0,1
32,208,16,16,0,0,1
48,208,16,16,0,0,1
64,208,16,16,0,0,1
48,208,16,16,0,0,1
64,208,16,16,0,0,9
0,208,16,16,0,0,9
16,208,16,16,0,0,9
0,208,16,16,0,0,9
32,208,16,16,0,0,9
80,208,16,16,0,0,1
96,208,16,16,0,0,1
80,208,16,16,0,0,1
96,208,16,16,0,0,9
112,208,16,16,0,0,1
112,208,16,16,0,0,1
112,208,16,16,0,0,9
112,208,16,16,0,0,9
128,208,16,16,0,0,1
144,208,16,16,0,0,1
128,208,16,16,0,0,1
160,208,16,16,0,0,1
176,208,16,16,0,0,1
192,208,16,16,0,0,1
176,208,16,16,0,0,1
192,208,16,16,0,0,9
128,208,16,16,0,0,9
144,208,16,16,0,0,9
128,208,16,16,0,0,9
160,208,16,16,0,0,9
208,208,16,16,0,0,1
224,208,16,16,0,0,1
208,208,16,16,0,0,1
224,208,16,16,0,0,9
240,208,16,16,0,0,1
240,208,16,16,0,0,1
240,208,16,16,0,0,9
240,208,16,16,0,0,9
256,208,16,16,0,0,1
272,208,16,16,0,0,1
256,208,16,16,0,0,1
288,208,16,16,0,0,1
304,208,16,16,0,0,1
320,208,16,16,0,0,1
304,208,16,16,0,0,1
320,208,16,16,0,0,9
256,208,16,16,0,0,9
272,208,16,16,0,0,9
256,208,16,16,0,0,9
288,208,16,16,0,0,9
336,208,16,16,0,0,1
352,208,16,16,0,0,1
336,208,16,16,0,0,1
352,208,16,16,0,0,9
368,208,16,16,0,0,1
368,208,16,16,0,0,1
368,208,16,16,0,0,9
368,208,16,16,0,0,9
384,208,16,16,0,0,1
400,208,16,16,0,0,1
384,208,16,16,0,0,1
416,208,16,16,0,0,1
432,208,16,16,0,0,1
448,208,16,16,0,0,1
432,208,16,16,0,0,1
448,208,16,16,0,0,9
384,208,16,16,0,0,9
400,208,16,16,0,0,9
384,208,16,16,0,0,9
416,208,16,16,0,0,9
464,208,16,16,0,0,1
480,208,16,16,0,0,1
464,208,16,16,0,0,1
480,208,16,16,0,0,9
496,208,16,16,0,0,1
496,208,16,16,0,0,1
496,208,16,16,0,0,9
496,208,16,16,0,0,9
0,224,16,16,0,0,1
16,224,16,16,0,0,1
0,224,16,16,0,0,1
32,224,16,16,0,0,1
48,224,16,16,0,0,1
64,224,16,16,0,0,1
48,224,16,16,0,0,1
64,224,16,16,0,0,9
0,224,16,16,0,0,9
16,224,16,16,0,0,9
0,224,16,16,0,0,9
32,224,16,16,0,0,9
80,224,16,16,0,0,1
96,224,16,16,0,0,1
80,224,16,16,0,0,1
96,224,16,16,0,0,9
112,224,16,16,0,0,1
112,224,16,16,0,0,1
112,224,16,16,0,0,9
112,224,16,16,0,0,9
128,224,16,16,0,0,1
144,224,16,16,0,0,1
128,224,16,16,0,0,1
160,224,16,16,0,0,1
176,224,16,16,0,0,1
192,224,16,16,0,0,1
176,224,16,16,0,0,1
192,224,16,16,0,0,9
128,224,16,16,0,0,9
144,224,16,16,0,0,9
128,224,16,16,0,0,9
160,224,16,16,0,0,9
208,224,16,16,0,0,1
224,224,16,16,0,0,1
208,224,16,16,0,0,1
224,224,16,16,0,0,9
240,224,16,16,0,0,1
240,224,16,16,0,0,1
240,224,16,16,0,0,9
240,224,16,16,0,0,9
256,224,16,16,0,0,1
272,224,16,16,0,0,1
256,224,16,16,0,0,1
288,224,16,16,0,0,1
304,224,16,16,0,0,1
320,224,16,16,0,0,1
304,224,16,16,0,0,1
320,224,16,16,0,0,9
256,224,16,16,0,0,9
272,224,16,16,0,0,9
256,224,16,16,0,0,9
288,224,16,16,0,0,9
336,224,16,16,0,0,1
352,224,16,16,0,0,1
336,224,16,16,0,0,1
352,224,16,16,0,0,9
368,224,16,16,0,0,1
368,224,16,16,0,0,1
368,224,16,16,0,0,9
368,224,16,16,0,0,9
384,224,16,16,0,0,1
400,224,16,16,0,0,1
384,224,16,16,0,0,1
416,224,16,16,0,0,1
432,224,16,16,0,0,1
448,224,16,16,0,0,1
432,224,16,16,0,0,1
448,224,16,16,0,0,9
384,224,16,16,0,0,9
400,224,16,16,0,0,9
384,224,16,16,0,0,9
416,224,16,16,0,0,9
464,224,16,16,0,0,1
480,224,16,16,0,0,1
464,224,16,16,0,0,1
480,224,16,16,0,0,9
496,224,16,16,0,0,1
496,224,16,16,0,0,1
496,224,16,16,0,0,9
496,224,16,16,0,0,9
0,240,16,16,0,0,1
16,240,16,16,0,0,1
0,240,16,16,0,0,1
32,240,16,16,0,0,1
48,240,16,16,0,0,1
64,240,16,16,0,0,1
48,240,16,16,0,0,1
64,240,16,16,0,0,9
0,240,16,16,0,0,9
16,240,16,16,0,0,9
0,240,16,16,0,0,9
32,240,16,16,0,0,9
80,240,16,16,0,0,1
96,240,16,16,0,0,1
80,240,16,16,0,0,1
96,240,16,16,0,0,9
112,240,16,16,0,0,1
112,240,16,16,0,0,1
112,240,16,16,0,0,9
112,240,16,16,0,0,9
128,240,16,16,0,0,1
144,240,16,16,0,0,1
128,240,16,16,0,0,1
160,240,16,16,0,0,1
176,240,16,16,0,0,1
192,240,16,16,0,0,1
176,240,16,16,0,0,1
192,240,16,16,0,0,9
128,240,16,16,0,0,9
144,240,16,16,0,0,9
128,240,16,16,0,0,9
160,240,16,16,0,0,9
208,240,16,16,0,0,1
224,240,16,16,0,0,1
208,240,16,16,0,0,1
224,240,16,16,0,0,9
240,240,16,16,0,0,1
240,240,16,16,0,0,1
240,240,16,16,0,0,9
240,240,16,16,0,0,9
256,240,16,16,0,0,1
272,240,16,16,0,0,1
256,240,16,16,0,0,1
288,240,16,16,0,0,1
304,240,16,16,0,0,1
320,240,16,16,0,0,1
304,240,16,16,0,0,1
320,240,16,16,0,0,9
256,240,16,16,0,0,9
272,240,16,16,0,0,9
256,240,16,16,0,0,9
288,240,16,16,0,0,9
336,240,16,16,0,0,1
352,240,16,16,0,0,1
336,240,16,16,0,0,9
352,240,16,16,0,0,1
368,240,16,16,0,0,1
368,240,16,16,0,0,1
368,240,16,16,0,0,9
368,240,16,16,0,0,9
384,240,16,16,0,0,1
400,240,16,16,0,0,1
384,240,16,16,0,0,1
416,240,16,16,0,0,1
432,240,16,16,0,0,1
448,240,16,16,0,0,1
432,240,16,16,0,0,1
448,240,16,16,0,0,9
384,240,16,16,0,0,9
400,240,16,16,0,0,9
384,240,16,16,0,0,9
416,240,16,16,0,0,9
464,240,16,16,0,0,1
480,240,16,16,0,0,1
464,240,16,16,0,0,1
480,240,16,16,0,0,9
496,240,16,16,0,0,1
496,240,16,16,0,0,1
496,240,16,16,0,0,9
496,240,16,16,0,0,9
0,256,16,16,0,0,1
16,256,16,16,0,0,1
0,256,16,16,0,0,1
32,256,16,16,0,0,1
48,256,16,16,0,0,1
64,256,16,16,0,0,1
48,256,16,16,0,0,1
64,256,16,16,0,0,9
0,256,16,16,0,0,9
16,256,16,16,0,0,9
0,256,16,16,0,0,9
32,256,16,16,0,0,9
80,256,16,16,0,0,1
96,256,16,16,0,0,1
80,256,16,16,0,0,1
96,256,16,16,0,0,9
112,256,16,16,0,0,1
112,256,16,16,0,0,1
112,256,16,16,0,0,9
112,256,16,16,0,0,9
128,256,16,16,0,0,1
144,256,16,16,0,0,1
128,256,16,16,0,0,1
160,256,16,16,0,0,1
176,256,16,16,0,0,1
192,256,16,16,0,0,1
176,256,16,16,0,0,1
192,256,16,16,0,0,9
128,256,16,16,0,0,9
144,256,16,16,0,0,9
128,256,16,16,0,0,9
160,256,16,16,0,0,9
208,256,16,16,0,0,1
224,256,16,16,0,0,1
208,256,16,16,0,0,1
224,256,16,16,0,0,9
240,256,16,16,0,0,1
240,256,16,16,0,0,1
240,256,16,16,0,0,9
240,256,16,16,0,0,9
0,304,16,16,0,0,1
0,304,16,16,0,0,9
16,304,16,16,0,0,1
16,304,16,16,0,0,9
32,304,16,16,0,0,1
48,304,16,16,0,0,1
32,304,16,16,0,0,9
48,304,16,16,0,0,9
256,256,16,16,0,0,1
272,256,16,16,0,0,1
256,256,16,16,0,0,1
288,256,16,16,0,0,1
304,256,16,16,0,0,1
320,256,16,16,0,0,1
304,256,16,16,0,0,1
320,256,16,16,0,0,9
256,256,16,16,0,0,9
272,256,16,16,0,0,9
256,256,16,16,0,0,9
288,256,16,16,0,0,9
336,256,16,16,0,0,1
352,256,16,16,0,0,1
336,256,16,16,0,0,1
352,256,16,16,0,0,9
368,256,16,16,0,0,1
368,256,16,16,0,0,1
368,256,16,16,0,0,9
368,256,16,16,0,0,9
384,256,16,16,0,0,1
400,256,16,16,0,0,1
384,256,16,16,0,0,1
416,256,16,16,0,0,1
432,256,16,16,0,0,1
448,256,16,16,0,0,1
432,256,16,16,0,0,1
448,256,16,16,0,0,9
384,256,16,16,0,0,9
400,256,16,16,0,0,9
384,256,16,16,0,0,9
416,256,16,16,0,0,9
464,256,16,16,0,0,1
480,256,16,16,0,0,1
464,256,16,16,0,0,1
480,256,16,16,0,0,9
496,256,16,16,0,0,1
496,256,16,16,0,0,1
496,256,16,16,0,0,9
496,256,16,16,0,0,9
256,272,16,16,0,0,1
272,272,16,16,0,0,1
256,272,16,16,0,0,9
272,272,16,16,0,0,9
272,272,16,16,0,0,1
272,272,16,16,0,0,9
288,272,16,16,0,0,1
288,272,16,16,0,0,9
304,272,16,16,0,0,1
304,272,16,16,0,0,9
320,272,16,16,0,0,1
336,272,16,16,0,0,1
320,272,16,16,0,0,9
336,272,16,16,0,0,9
336,272,16,16,0,0,1
336,272,16,16,0,0,9
352,272,16,16,0,0,1
352,272,16,16,0,0,9
368,272,16,16,0,0,1
368,272,16,16,0,0,9
384,272,16,16,0,0,1
400,272,16,16,0,0,1
384,272,16,16,0,0,1
400,272,16,16,0,0,9
416,272,16,16,0,0,1
416,272,16,16,0,0,9
432,272,16,16,0,0,1
432,272,16,16,0,0,9
448,272,16,16,0,0,1
480,272,16,16,0,0,9
480,272,16,16,0,0,1
496,272,16,16,0,0,9
496,272,16,16,0,0,1
464,272,16,16,0,0,9
464,272,16,16,0,0,1
464,272,16,16,0,0,25
464,272,16,16,0,0,17
336,384,16,8,0,0,1
432,464,16,8,0,0,1
336,392,16,8,0,0,1
432,384,16,8,0,0,1
464,392,8,8,0,0,1
432,392,8,8,0,0,1
440,392,8,8,0,0,1
448,384,8,16,0,0,1
456,384,8,16,0,0,1
464,384,8,8,0,0,1
464,384,8,8,0,0,9
464,384,8,8,0,0,17
464,384,8,8,0,0,25
472,384,8,8,0,0,1
48,288,16,16,0,0,1
64,288,16,16,0,0,1
80,288,16,16,0,0,1
64,288,16,16,0,0,9
96,288,16,16,0,0,1
112,288,16,16,0,0,1
128,288,16,16,0,0,1
112,288,16,16,0,0,9
0,288,16,16,0,0,1
16,288,16,16,0,0,1
32,288,16,16,0,0,1
144,288,16,16,0,0,1
160,288,16,16,0,0,1
176,288,16,16,0,0,1
160,288,16,16,0,0,9
192,288,16,16,0,0,1
208,288,16,16,0,0,1
224,288,16,16,0,0,1
240,288,16,16,0,0,1
256,288,16,16,0,0,1
272,288,16,16,0,0,1
288,288,16,16,0,0,1
304,288,16,16,0,0,1
320,288,16,16,0,0,1
336,288,16,16,0,0,1
352,288,16,16,0,0,1
368,288,16,16,0,0,1
384,288,16,16,0,0,1
400,288,16,16,0,0,1
416,288,16,16,0,0,1
432,288,16,16,0,0,1
416,288,16,16,0,0,1
448,288,16,16,0,0,1
464,288,16,16,0,0,1
480,288,16,16,0,0,1
496,288,16,16,0,0,1
64,304,16,16,0,0,1
80,304,16,16,0,0,1
96,304,16,16,0,0,1
112,304,16,16,0,0,1
128,304,16,16,0,0,1
144,304,16,16,0,0,1
160,304,16,16,0,0,1
128,304,48,16,0,0,1
176,304,16,16,0,0,1
192,304,16,16,0,0,1
208,304,16,16,0,0,1
176,304,48,16,0,0,1
224,304,16,16,0,0,1
240,304,16,16,0,0,1
256,304,16,16,0,0,1
224,304,48,16,0,0,1
272,304,16,16,0,0,1
288,304,16,16,0,0,1
304,304,16,16,0,0,1
272,304,48,16,0,0,1
0,416,24,32,0,0,1
24,416,24,32,0,0,1
48,416,24,32,0,0,1
72,416,24,32,0,0,1
96,416,24,32,0,0,1
120,416,24,32,0,0,1
144,416,24,32,0,0,1
120,416,24,32,0,0,9
96,416,24,32,0,0,9
72,416,24,32,0,0,9
48,416,24,32,0,0,9
24,416,24,32,0,0,9
0,448,24,32,0,0,1
24,448,24,32,0,0,1
48,448,24,32,0,0,1
72,448,24,32,0,0,1
96,448,24,32,0,0,1
120,448,24,32,0,0,1
144,448,24,32,0,0,1
120,448,24,32,0,0,9
96,448,24,32,0,0,9
72,448,24,32,0,0,9
48,448,24,32,0,0,9
24,448,24,32,0,0,9
0,480,24,32,0,0,1
24,480,24,32,0,0,1
48,480,24,32,0,0,1
72,480,24,32,0,0,1
96,480,24,32,0,0,1
120,480,24,32,0,0,1
144,480,24,32,0,0,1
120,480,24,32,0,0,9
96,480,24,32,0,0,9
72,480,24,32,0,0,9
48,480,24,32,0,0,9
24,480,24,32,0,0,9
168,416,24,32,0,0,1
192,416,24,32,0,0,1
216,416,24,32,0,0,1
168,448,24,32,0,0,1
192,448,24,32,0,0,1
216,448,24,32,0,0,1
352,400,32,16,0,0,1
384,400,32,16,0,0,1
264,448,24,8,0,0,1
264,456,24,8,0,0,1
264,464,24,8,0,0,1
264,456,24,8,0,0,9
176,480,16,8,0,0,1
176,488,16,8,0,0,1
400,472,16,8,0,0,1
400,480,16,8,0,0,1
400,488,16,8,0,0,1
320,384,8,16,0,0,1
424,488,8,16,0,0,1
352,416,16,8,0,0,1
352,424,16,8,0,0,1
352,432,16,8,0,0,1
352,416,16,24,0,0,1
416,472,8,16,0,0,1
424,472,8,16,0,0,1
432,472,8,16,0,0,1
440,472,8,16,0,0,1
400,440,8,16,0,0,1
408,440,8,16,0,0,1
416,440,8,16,0,0,1
424,440,8,16,0,0,1
400,456,8,16,0,0,1
408,456,8,16,0,0,1
416,456,8,16,0,0,1
424,456,8,16,0,0,1
472,400,8,8,0,0,1
472,408,8,8,0,0,1
480,480,8,8,0,0,1
488,480,8,8,0,0,1
480,480,8,8,0,0,9
488,480,8,8,0,0,1
496,480,8,8,0,0,1
504,480,8,8,0,0,1
496,480,8,8,0,0,9
504,480,8,8,0,0,1
288,504,8,8,0,0,1
296,504,8,8,0,0,1
304,504,8,8,0,0,1
296,504,8,8,0,0,1
264,472,8,8,0,0,1
272,472,8,8,0,0,1
280,472,8,8,0,0,1
464,408,8,8,0,0,1
464,400,8,8,0,0,1
440,488,8,16,0,0,1
432,488,8,16,0,0,1
368,416,16,24,0,0,1
448,112,16,16,0,0,1
464,112,16,16,0,0,1
480,112,16,16,0,0,1
496,112,16,16,0,0,1
432,440,16,8,0,0,1
432,448,16,8,0,0,1
432,456,16,8,0,0,1
384,432,8,8,0,0,1
392,432,8,8,0,0,1
496,368,8,8,0,0,1
496,376,8,8,0,0,1
504,368,8,16,0,0,1
192,128,16,16,0,0,1
208,128,16,16,0,0,1
224,128,16,16,0,0,1
240,128,16,16,0,0,1
256,128,16,16,0,0,1
272,128,16,16,0,0,1
288,128,16,16,0,0,1
304,128,16,16,0,0,1
0,128,16,16,0,0,1
16,128,16,16,0,0,1
32,128,16,16,0,0,1
48,128,16,16,0,0,1
64,128,16,16,0,0,1
80,128,16,16,0,0,1
96,128,16,16,0,0,1
112,128,16,16,0,0,1
128,128,16,16,0,0,1
144,128,16,16,0,0,1
160,128,16,16,0,0,1
176,128,16,16,0,0,1
96,384,32,32,0,0,1
128,384,32,32,0,0,1
160,384,32,32,0,0,1
192,384,32,32,0,0,1
224,384,32,32,0,0,1
256,384,32,32,0,0,1
288,384,32,32,0,0,1
320,400,32,16,0,0,1
0,320,32,32,0,0,1
32,320,32,32,0,0,1
64,320,32,32,0,0,1
96,320,32,32,0,0,1
96,320,32,32,0,0,9
128,320,32,32,0,0,1
160,320,32,32,0,0,1
192,320,32,32,0,0,1
224,320,32,32,0,0,1
128,320,32,32,0,0,9
160,320,32,32,0,0,9
192,320,32,32,0,0,9
224,320,32,32,0,0,9
256,320,32,32,0,0,1
288,320,32,32,0,0,1
256,320,32,32,0,0,1
320,320,32,32,0,0,1
256,320,32,32,0,0,9
288,320,32,32,0,0,9
256,320,32,32,0,0,9
320,320,32,32,0,0,9
256,320,32,32,0,0,1
352,320,32,32,0,0,1
256,320,32,32,0,0,9
352,320,32,32,0,0,9
384,320,32,32,0,0,1
416,320,32,32,0,0,1
448,320,32,32,0,0,1
384,320,32,32,0,0,9
416,320,32,32,0,0,9
448,320,32,32,0,0,9
480,336,32,16,0,0,1
480,336,32,16,0,0,9
0,384,32,32,0,0,1
32,384,32,32,0,0,1
64,384,32,32,0,0,1
336,480,16,32,0,0,17
64,384,32,32,0,0,1
336,480,16,32,0,0,1
240,416,24,32,0,0,1
264,416,24,32,0,0,1
336,448,16,32,0,0,1
240,448,24,32,0,0,1
336,416,16,32,0,0,1
416,496,8,8,0,0,1
416,488,8,8,0,0,1
496,320,16,8,0,0,1
480,320,16,8,0,0,1
0,352,32,32,0,0,1
32,352,32,32,0,0,1
64,352,32,32,0,0,1
96,352,32,32,0,0,1
128,352,32,32,0,0,1
160,352,32,32,0,0,1
192,352,32,32,0,0,1
224,352,32,32,0,0,1
256,352,32,32,0,0,1
288,352,32,32,0,0,1
320,352,32,32,0,0,1
352,352,32,32,0,0,1
384,352,32,32,0,0,1
416,352,32,32,0,0,1
448,352,32,32,0,0,1
480,400,32,48,0,0,1
480,448,32,32,0,0,1
448,416,32,32,0,0,1
416,416,32,24,0,0,1
480,384,32,16,0,0,1
384,416,32,16,0,0,1
464,448,16,32,0,0,1
448,448,16,32,0,0,1
448,480,16,32,0,0,1
464,480,16,32,0,0,1
288,416,24,48,0,0,1
288,464,24,40,0,0,1
464,448,16,64,0,0,1
320,304,16,16,0,0,1
336,304,16,16,0,0,1
352,304,16,16,0,0,1
312,416,24,48,0,0,1
312,416,24,48,0,0,9
352,440,48,72,0,0,1
368,304,80,16,0,0,1
448,304,64,16,0,0,1
480,496,24,16,0,0,1
496,488,16,16,0,0,1
480,496,32,8,0,0,1
480,488,24,16,0,0,1
488,488,16,24,0,0,1
488,496,24,16,0,0,1
192,480,96,32,0,0,1
400,504,32,8,0,0,1
400,504,24,8,0,0,1
400,504,24,8,0,0,9
432,504,8,8,0,0,1
440,504,8,8,0,0,1
400,432,8,8,0,0,1
408,432,8,8,0,0,1
312,464,24,48,0,0,1
0,0,16,16,0,0,1
0,0,16,16,0,0,1
0,0,16,16,0,0,1
0,0,16,16,0,0,1
0,0,16,16,0,0,1
0,0,16,16,0,0,1
0,0,16,16,0,0,1
0,0,16,16,0,0,1
0,0,16,16,0,0,1
0,0,16,16,0,0,1
0,0,16,16,0,0,1
0,0,16,16,0,0,1
0,0,16,16,0,0,1
0,0,16,16,0,0,1
0,0,16,16,0,0,1
0,0,16,16,0,0,1
0,0,16,16,0,0,1
0,0,16,16,0,0,1
0,0,16,16,0,0,1
0,0,16,16,0,0,1
0,0,16,16,0,0,1
0,0,16,16,0,0,1
0,0,16,16,0,0,1
0,0,16,16,0,0,1
0,0,16,16,0,0,1
0,0,16,16,0,0,1
0,0,16,16,0,0,1
0,0,16,16,0,0,1
0,0,16,16,0,0,1
0,0,16,16,0,0,1
0,0,16,16,0,0,1
0,0,16,16,0,0,1
0,0,16,16,0,0,1
0,0,16,16,0,0,1
0,0,16,16,0,0,1
0,0,16,16,0,0,1
0,0,16,16,0,0,1
0,0,16,16,0,0,1
0,0,16,16,0,0,1
0,0,16,16,0,0,1
0,0,16,16,0,0,1
0,0,16,16,0,0,1
0,0,16,16,0,0,1
0,0,16,16,0,0,1
0,0,16,16,0,0,1
0,0,16,16,0,0,1
0,0,16,16,0,0,1
0,0,16,16,0,0,1
0,0,16,16,0,0,1
0,0,16,16,0,0,1
0,0,16,16,0,0,1
0,0,16,16,0,0,1
0,0,16,16,0,0,1
0,0,16,16,0,0,1
0,0,16,16,0,0,1
0,0,16,16,0,0,1
0,0,16,16,0,0,1
0,0,16,16,0,0,1
0,0,16,16,0,0,1
0,0,16,16,0,0,1
0,0,16,16,0,0,1
0,0,16,16,0,0,1
0,0,16,16,0,0,1
0,0,16,16,0,0,1
0,0,16,16,0,0,1
0,0,16,16,0,0,1
0,0,16,16,0,0,1
0,0,16,16,0,0,1
0,0,16,16,0,0,1
0,0,16,16,0,0,1
0,0,16,16,0,0,1
0,0,16,16,0,0,1
0,0,16,16,0,0,1
0,0,16,16,0,0,1
0,0,16,16,0,0,1
0,0,16,16,0,0,1
0,0,16,16,0,0,1
0,0,16,16,0,0,1
0,0,16,16,0,0,1
0,0,16,16,0,0,1
0,0,16,16,0,0,1
0,0,16,16,0,0,1
0,0,16,16,0,0,1
0,0,16,16,0,0,1
0,0,16,16,0,0,1
0,0,16,16,0,0,1
0,0,16,16,0,0,1
0,0,16,16,0,0,1
0,0,16,16,0,0,1
0,0,16,16,0,0,1
0,0,16,16,0,0,1
0,0,16,16,0,0,1
0,0,16,16,0,0,1
0,0,16,16,0,0,1
0,0,16,16,0,0,1
0,0,16,16,0,0,1
0,0,16,16,0,0,1
0,0,16,16,0,0,1
0,0,16,16,0,0,1
0,0,16,16,0,0,1
0,0,16,16,0,0,1
0,0,16,16,0,0,1
0,0,16,16,0,0,1
0,0,16,16,0,0,1
0,0,16,16,0,0,1
0,0,16,16,0,0,1
0,0,16,16,0,0,1
0,0,16,16,0,0,1
0,0,16,16,0,0,1
0,0,16,16,0,0,1
0,0,16,16,0,0,1
0,0,16,16,0,0,1
0,0,16,16,0,0,1
0,0,16,16,0,0,1
0,0,16,16,0,0,1
0,0,16,16,0,0,1
0,0,16,16,0,0,1
0,0,16,16,0,0,1
0,0,16,16,0,0,1
0,0,16,16,0,0,1
0,0,16,16,0,0,1
0,0,16,16,0,0,1
0,0,16,16,0,0,1
0,0,16,16,0,0,1
0,0,16,16,0,0,1
0,0,16,16,0,0,1
0,0,16,16,0,0,1
0,0,16,16,0,0,1
0,0,16,16,0,0,1
0,0,16,16,0,0,1
0,0,16,16,0,0,1
0,0,16,16,0,0,1
0,0,16,16,0,0,1
0,0,16,16,0,0,1
0,0,16,16,0,0,1
0,0,16,16,0,0,1
0,0,16,16,0,0,1
0,0,16,16,0,0,1
0,0,16,16,0,0,1
0,0,16,16,0,0,1
0,0,16,16,0,0,1
0,0,16,16,0,0,1
0,0,16,16,0,0,1
0,0,16,16,0,0,1
0,0,16,16,0,0,1
0,0,16,16,0,0,1
0,0,16,16,0,0,1
0,0,16,16,0,0,1
0,0,16,16,0,0,1
0,0,16,16,0,0,1
0,0,16,16,0,0,1
0,0,16,16,0,0,1
0,0,16,16,0,0,1
0,0,16,16,0,0,1
0,0,16,16,0,0,1
0,0,16,16,0,0,1
0,0,16,16,0,0,1
0,0,16,16,0,0,1
0,0,16,16,0,0,1
0,0,16,16,0,0,1
0,0,16,16,0,0,1
0,0,16,16,0,0,1
0,0,16,16,0,0,1
0,0,16,16,0,0,1
0,0,16,16,0,0,1
0,0,16,16,0,0,1
0,0,16,16,0,0,1
0,0,16,16,0,0,1
0,0,16,16,0,0,1
0,0,16,16,0,0,1
0,0,16,16,0,0,1
0,0,16,16,0,0,1
0,0,16,16,0,0,1
0,0,16,16,0,0,1
0,0,16,16,0,0,1
0,0,16,16,0,0,1
0,0,16,16,0,0,1
0,0,16,16,0,0,1
0,0,16,16,0,0,1
0,0,16,16,0,0,1
0,0,16,16,0,0,1
0,0,16,16,0,0,1
0,0,16,16,0,0,1
0,0,16,16,0,0,1
0,0,16,16,0,0,1
0,0,16,16,0,0,1
0,0,16,16,0,0,1
0,0,16,16,0,0,1
0,0,16,16,0,0,1
0,0,16,16,0,0,1
0,0,16,16,0,0,1
0,0,16,16,0,0,1
0,0,16,16,0,0,1
0,0,16,16,0,0,1
0,0,16,16,0,0,1
0,0,16,16,0,0,1
0,0,16,16,0,0,1
0,0,16,16,0,0,1
0,0,16,16,0,0,1
0,0,16,16,0,0,1
0,0,16,16,0,0,1
0,0,16,16,0,0,1
0,0,16,16,0,0,1
0,0,16,16,0,0,1
0,0,16,16,0,0,1
0,0,16,16,0,0,1
0,0,16,16,0,0,1
0,0,16,16,0,0,1
0,0,16,16,0,0,1
0,0,16,16,0,0,1
0,0,16,16,0,0,1
0,0,16,16,0,0,1
0,0,16,16,0,0,1
0,0,16,16,0,0,1
0,0,16,16,0,0,1
0,0,16,16,0,0,1
0,0,16,16,0,0,1
0,0,16,16,0,0,1
0,0,16,16,0,0,1
0,0,16,16,0,0,1
0,0,16,16,0,0,1
0,0,16,16,0,0,1
0,0,16,16,0,0,1
0,0,16,16,0,0,1
0,0,16,16,0,0,1
0,0,16,16,0,0,1
0,0,16,16,0,0,1
0,0,16,16,0,0,1
0,0,16,16,0,0,1
0,0,16,16,0,0,1
0,0,16,16,0,0,1
0,0,16,16,0,0,1
0,0,16,16,0,0,1
0,0,16,16,0,0,1
0,0,16,16,0,0,1
0,0,16,16,0,0,1
0,0,16,16,0,0,1
0,0,16,16,0,0,1
0,0,16,16,0,0,1
0,0,16,16,0,0,1
0,0,16,16,0,0,1
0,0,16,16,0,0,1
0,0,16,16,0,0,1
0,0,16,16,0,0,1
0,0,16,16,0,0,1
0,0,16,16,0,0,1
0,0,16,16,0,0,1
0,0,16,16,0,0,1
0,0,16,16,0,0,1
0,0,16,16,0,0,1
0,0,16,16,0,0,1
0,0,16,16,0,0,1
0,0,16,16,0,0,1
0,0,16,16,0,0,1
0,0,16,16,0,0,1
0,0,16,16,0,0,1
0,0,16,16,0,0,1
0,0,16,16,0,0,1
0,0,16,16,0,0,1
0,0,16,16,0,0,1
0,0,16,16,0,0,1
0,0,16,16,0,0,1
0,0,16,16,0,0,1
0,0,16,16,0,0,1
0,0,16,16,0,0,1
0,0,16,16,0,0,1
0,0,16,16,0,0,1
0,0,16,16,0,0,1
0,0,16,16,0,0,1
0,0,16,16,0,0,1
0,0,16,16,0,0,1
0,0,16,16,0,0,1
0,0,16,16,0,0,1
0,0,16,16,0,0,1
0,0,16,16,0,0,1
0,0,16,16,0,0,1
0,0,16,16,0,0,1
0,0,16,16,0,0,1
0,0,16,16,0,0,1
0,0,16,16,0,0,1
0,0,16,16,0,0,1
0,0,16,16,0,0,1
0,0,16,16,0,0,1
0,0,16,16,0,0,1
0,0,16,16,0,0,1
0,0,16,16,0,0,1
0,0,16,16,0,0,1
0,0,16,16,0,0,1
0,0,16,16,0,0,1
0,0,16,16,0,0,1
0,0,16,16,0,0,1
0,0,16,16,0,0,1
0,0,16,16,0,0,1
0,0,16,16,0,0,1
0,0,16,16,0,0,1
0,0,16,16,0,0,1
0,0,16,16,0,0,1
0,0,16,16,0,0,1
0,0,16,16,0,0,1
0,0,16,16,0,0,1
0,0,16,16,0,0,1
0,0,16,16,0,0,1
0,0,16,16,0,0,1
0,0,16,16,0,0,1
0,0,16,16,0,0,1
0,0,16,16,0,0,1
0,0,16,16,0,0,1
0,0,16,16,0,0,1
0,0,16,16,0,0,1
0,0,16,16,0,0,1
0,0,16,16,0,0,1
0,0,16,16,0,0,1
0,0,16,16,0,0,1
0,0,16,16,0,0,1
0,0,16,16,0,0,1
0,0,16,16,0,0,1
0,0,16,16,0,0,1
0,0,16,16,0,0,1
0,0,16,16,0,0,1
0,0,16,16,0,0,1
0,0,16,16,0,0,1
0,0,16,16,0,0,1
0,0,16,16,0,0,1
0,0,16,16,0,0,1
0,0,16,16,0,0,1
0,0,16,16,0,0,1
0,0,16,16,0,0,1
0,0,16,16,0,0,1
0,0,16,16,0,0,1
0,0,16,16,0,0,1
0,0,16,16,0,0,1
0,0,16,16,0,0,1
0,0,16,16,0,0,1
0,0,16,16,0,0,1
0,0,16,16,0,0,1
0,0,16,16,0,0,1
0,0,16,16,0,0,1
0,0,16,16,0,0,1
0,0,16,16,0,0,1
0,0,16,16,0,0,1
0,0,16,16,0,0,1
0,0,16,16,0,0,1
0,0,16,16,0,0,1
0,0,16,16,0,0,1
0,0,16,16,0,0,1
0,0,16,16,0,0,1
0,0,16,16,0,0,1
0,0,16,16,0,0,1
0,0,16,16,0,0,1
0,0,16,16,0,0,1
0,0,16,16,0,0,1
0,0,16,16,0,0,1
0,0,16,16,0,0,1
0,0,16,16,0,0,1
0,0,16,16,0,0,1
0,0,16,16,0,0,1
0,0,16,16,0,0,1
0,0,16,16,0,0,1
0,0,16,16,0,0,1
0,0,16,16,0,0,1
0,0,16,16,0,0,1
0,0,16,16,0,0,1
0,0,16,16,0,0,1
0,0,16,16,0,0,1
0,0,16,16,0,0,1
0,0,16,16,0,0,1
0,0,16,16,0,0,1
0,0,16,16,0,0,1
0,0,16,16,0,0,1
0,0,16,16,0,0,1
0,0,16,16,0,0,1
0,0,16,16,0,0,1
0,0,16,16,0,0,1
0,0,16,16,0,0,1
0,0,16,16,0,0,1
0,0,16,16,0,0,1
0,0,16,16,0,0,1
0,0,16,16,0,0,1
0,0,16,16,0,0,1
0,0,16,16,0,0,1
0,0,16,16,0,0,1
0,0,16,16,0,0,1
0,0,16,16,0,0,1
0,0,16,16,0,0,1
0,0,16,16,0,0,1
0,0,16,16,0,0,1
0,0,16,16,0,0,1
0,0,16,16,0,0,1
0,0,16,16,0,0,1
0,0,16,16,0,0,1
0,0,16,16,0,0,1
0,0,16,16,0,0,1
0,0,16,16,0,0,1
0,0,16,16,0,0,1
0,0,16,16,0,0,1
0,0,16,16,0,0,1
0,0,16,16,0,0,1
0,0,16,16,0,0,1
0,0,16,16,0,0,1
0,0,16,16,0,0,1
0,0,16,16,0,0,1
0,0,16,16,0,0,1
0,0,16,16,0,0,1
0,0,16,16,0,0,1
0,0,16,16,0,0,1
0,0,16,16,0,0,1
0,0,16,16,0,0,1
0,0,16,16,0,0,1
0,0,16,16,0,0,1
0,0,16,16,0,0,1
0,0,16,16,0,0,1
0,0,16,16,0,0,1
0,0,16,16,0,0,1
0,0,16,16,0,0,1
0,0,16,16,0,0,1
0,0,16,16,0,0,1
0,0,16,16,0,0,1
0,0,16,16,0,0,1
0,0,16,16,0,0,1
0,0,16,16,0,0,1
0,0,16,16,0,0,1
0,0,16,16,0,0,1
0,0,16,16,0,0,1
0,0,16,16,0,0,1
0,0,16,16,0,0,1
0,0,16,16,0,0,1
0,0,16,16,0,0,1
0,0,16,16,0,0,1
0,0,16,16,0,0,1
0,0,16,16,0,0,1
0,0,16,16,0,0,1
0,0,16,16,0,0,1
0,0,16,16,0,0,1
0,0,16,16,0,0,1
0,0,16,16,0,0,1
0,0,16,16,0,0,1
0,0,16,16,0,0,1
0,0,16,16,0,0,1
0,0,16,16,0,0,1
0,0,16,16,0,0,1
0,0,16,16,0,0,1
0,0,16,16,0,0,1
0,0,16,16,0,0,1
0,0,16,16,0,0,1
0,0,16,16,0,0,1
0,0,16,16,0,0,1
0,0,16,16,0,0,1
0,0,16,16,0,0,1
0,0,16,16,0,0,1
0,0,16,16,0,0,1
0,0,16,16,0,0,1
0,0,16,16,0,0,1
0,0,16,16,0,0,1
0,0,16,16,0,0,1
0,0,16,16,0,0,1
0,0,16,16,0,0,1
0,0,16,16,0,0,1
0,0,16,16,0,0,1
0,0,16,16,0,0,1
0,0,16,16,0,0,1
0,0,16,16,0,0,1
0,0,16,16,0,0,1
0,0,16,16,0,0,1
0,0,16,16,0,0,1
0,0,16,16,0,0,1
0,0,16,16,0,0,1
0,0,16,16,0,0,1
0,0,16,16,0,0,1
0,0,16,16,0,0,1
0,0,16,16,0,0,1
0,0,16,16,0,0,1
0,0,16,16,0,0,1
0,0,16,16,0,0,1
0,0,16,16,0,0,1
0,0,16,16,0,0,1
0,0,16,16,0,0,1
0,0,16,16,0,0,1
0,0,16,16,0,0,1
0,0,16,16,0,0,1
0,0,16,16,0,0,1
0,0,16,16,0,0,1
0,0,16,16,0,0,1
0,0,16,16,0,0,1
0,0,16,16,0,0,1
0,0,16,16,0,0,1
0,0,16,16,0,0,1
0,0,16,16,0,0,1
0,0,16,16,0,0,1
0,0,16,16,0,0,1
0,0,16,16,0,0,1
0,0,16,16,0,0,1
0,0,16,16,0,0,1
0,0,16,16,0,0,1
0,0,16,16,0,0,1
0,0,16,16,0,0,1
0,0,16,16,0,0,1
0,0,16,16,0,0,1
0,0,16,16,0,0,1
0,0,16,16,0,0,1
0,0,16,16,0,0,1
0,0,16,16,0,0,1
0,0,16,16,0,0,1
0,0,16,16,0,0,1
0,0,16,16,0,0,1
0,0,16,16,0,0,1
0,0,16,16,0,0,1
0,0,16,16,0,0,1
0,0,16,16,0,0,1
0,0,16,16,0,0,1
0,0,16,16,0,0,1
0,0,16,16,0,0,1
0,0,16,16,0,0,1
0,0,16,16,0,0,1
0,0,16,16,0,0,1
0,0,16,16,0,0,1
0,0,16,16,0,0,1
0,0,16,16,0,0,1
0,0,16,16,0,0,1
0,0,16,16,0,0,1
0,0,16,16,0,0,1
0,0,16,16,0,0,1
0,0,16,16,0,0,1
0,0,16,16,0,0,1
0,0,16,16,0,0,1
0,0,16,16,0,0,1
0,0,16,16,0,0,1
0,0,16,16,0,0,1
0,0,16,16,0,0,1
0,0,16,16,0,0,1
0,0,16,16,0,0,1
0,0,16,16,0,0,1
0,0,16,16,0,0,1
0,0,16,16,0,0,1
0,0,16,16,0,0,1
0,0,16,16,0,0,1
0,0,16,16,0,0,1
0,0,16,16,0,0,1
0,0,16,16,0,0,1
0,0,16,16,0,0,1
0,0,16,16,0,0,1
0,0,16,16,0,0,1
0,0,16,16,0,0,1
0,0,16,16,0,0,1
0,0,16,16,0,0,1
0,0,16,16,0,0,1
0,0,16,16,0,0,1
0,0,16,16,0,0,1
0,0,16,16,0,0,1
0,0,16,16,0,0,1
0,0,16,16,0,0,1
0,0,16,16,0,0,1
0,0,16,16,0,0,1
0,0,16,16,0,0,1
0,0,16,16,0,0,1
0,0,16,16,0,0,1
0,0,16,16,0,0,1
0,0,16,16,0,0,1
0,0,16,16,0,0,1
0,0,16,16,0,0,1
0,0,16,16,0,0,1
0,0,16,16,0,0,1
0,0,16,16,0,0,1
0,0,16,16,0,0,1
0,0,16,16,0,0,1
0,0,16,16,0,0,1
0,0,16,16,8,15,1
16,0,16,16,8,15,1
32,0,16,16,8,15,1
48,0,16,16,8,15,1
64,0,16,16,8,15,1
80,0,16,16,8,15,1
96,0,16,16,8,15,1
112,0,16,16,8,15,1
128,0,16,16,8,15,1
144,0,16,16,8,15,1
160,0,16,16,8,15,1
176,0,16,16,8,15,1
192,0,16,16,8,15,1
208,0,16,16,8,15,1
224,0,16,16,8,15,1
240,0,16,16,8,15,1
256,0,16,16,8,15,1
272,0,16,16,8,15,1
288,0,16,16,8,15,1
304,0,16,16,8,15,1
320,0,16,16,8,15,1
336,0,16,16,8,15,1
352,0,16,16,8,15,1
368,0,16,16,8,15,1
384,0,16,16,8,15,1
400,0,16,16,8,15,1
416,0,16,16,8,15,1
432,0,16,16,8,15,1
448,0,16,16,8,15,1
464,0,16,16,8,15,1
480,0,16,16,8,15,1
496,0,16,16,8,15,1
0,16,16,16,8,15,1
16,16,16,16,8,15,1
32,16,16,16,8,15,1
48,16,16,16,8,15,1
64,16,16,16,8,15,1
80,16,16,16,8,15,1
96,16,16,16,8,15,1
112,16,16,16,8,15,1
128,16,16,16,8,15,1
144,16,16,16,8,15,1
160,16,16,16,8,15,1
176,16,16,16,8,15,1
192,16,16,16,8,15,1
208,16,16,16,8,15,1
224,16,16,16,8,15,1
240,16,16,16,8,15,1
256,16,16,16,8,15,1
272,16,16,16,8,15,1
288,16,16,16,8,15,1
304,16,16,16,8,15,1
320,16,16,16,8,15,1
336,16,16,16,8,15,1
352,16,16,16,8,15,1
368,16,16,16,8,15,1
384,16,16,16,8,15,1
400,16,16,16,8,15,1
416,16,16,16,8,15,1
432,16,16,16,8,15,1
448,16,16,16,8,15,1
464,16,16,16,8,15,1
480,16,16,16,8,15,1
496,16,16,16,8,15,1
0,32,16,16,8,15,1
16,32,16,16,8,15,1
32,32,16,16,8,15,1
48,32,16,16,8,15,1
64,32,16,16,8,15,1
80,32,16,16,8,15,1
96,32,16,16,8,15,1
112,32,16,16,8,15,1
128,32,16,16,8,15,1
144,32,16,16,8,15,1
160,32,16,16,8,15,1
176,32,16,16,8,15,1
192,32,16,16,8,15,1
208,32,16,16,8,15,1
224,32,16,16,8,15,1
240,32,16,16,8,15,1
256,32,16,16,8,15,1
272,32,16,16,8,15,1
288,32,16,16,8,15,1
304,32,16,16,8,15,1
320,32,16,16,8,15,1
336,32,16,16,8,15,1
352,32,16,16,8,15,1
368,32,16,16,8,15,1
384,32,16,16,8,15,1
400,32,16,16,8,15,1
416,32,16,16,8,15,1
432,32,16,16,8,15,1
448,32,16,16,8,15,1
464,32,16,16,8,15,1
480,32,16,16,8,15,1
496,32,16,16,8,15,1
0,48,16,16,8,15,1
16,48,16,16,8,15,1
480,368,8,16,4,15,1
32,48,16,16,8,15,1
48,48,16,16,8,15,1
64,48,16,16,8,15,1
80,48,16,16,8,15,1
96,48,16,16,8,15,1
112,48,16,16,8,15,1
128,48,16,16,8,15,1
144,48,16,16,8,15,1
160,48,16,16,8,15,1
176,48,16,16,8,15,1
192,48,16,16,8,15,1
208,48,16,16,8,15,1
224,48,16,16,8,15,1
240,48,16,16,8,15,1
240,48,16,16,0,8,3
240,48,16,16,8,0,5
240,48,16,16,15,8,7
256,48,16,16,8,15,1
256,48,16,16,0,8,3
256,48,16,16,8,0,5
256,48,16,16,15,8,7
272,48,16,16,8,15,1
272,48,16,16,0,8,3
272,48,16,16,8,0,5
272,48,16,16,15,8,7
288,48,16,16,8,8,1
288,48,16,16,8,8,3
288,48,16,16,8,8,5
288,48,16,16,8,8,7
304,48,16,16,8,15,1
304,48,16,16,0,8,3
304,48,16,16,8,0,5
304,48,16,16,15,8,7
320,48,16,16,8,15,1
320,48,16,16,0,8,3
320,48,16,16,8,0,5
320,48,16,16,15,8,7
384,384,8,16,4,15,1
384,384,8,16,0,4,3
384,384,8,16,4,0,5
384,384,8,16,15,4,7
392,384,8,16,4,15,1
392,384,8,16,0,4,3
392,384,8,16,4,0,5
392,384,8,16,15,4,7
336,48,16,16,8,15,1
336,48,16,16,0,8,3
336,48,16,16,8,0,5
336,48,16,16,15,8,7
400,384,8,16,4,15,1
400,384,8,16,0,4,3
400,384,8,16,4,0,5
400,384,8,16,15,4,7
408,384,8,16,4,15,1
408,384,8,16,0,4,3
408,384,8,16,4,0,5
408,384,8,16,15,4,7
352,48,16,16,8,15,1
352,48,16,16,0,8,3
352,48,16,16,8,0,5
352,48,16,16,15,8,7
368,48,16,16,8,15,1
368,48,16,16,0,8,3
368,48,16,16,8,0,5
368,48,16,16,15,8,7
168,496,8,16,4,8,1
176,496,8,16,4,8,1
168,496,8,16,4,8,9
184,496,8,16,4,8,1
384,48,16,16,8,15,1
400,48,16,16,8,15,1
480,328,16,8,8,8,1
480,328,16,8,0,8,3
480,328,16,8,8,0,5
480,328,16,8,8,8,7
496,328,16,8,8,8,1
496,328,16,8,0,8,3
496,328,16,8,8,0,5
496,328,16,8,8,8,7
328,384,8,16,4,15,1
328,384,8,16,0,4,3
328,384,8,16,4,0,5
328,384,8,16,15,4,7
416,48,16,16,8,8,1
432,48,16,16,8,15,1
448,48,16,16,4,15,1
464,48,16,16,8,15,1
480,48,16,16,8,15,1
496,48,16,16,8,15,1
0,64,16,16,8,15,1
0,64,16,16,0,8,3
0,64,16,16,8,0,5
0,64,16,16,15,8,7
16,64,16,16,8,15,1
16,64,16,16,0,8,3
16,64,16,16,8,0,5
16,64,16,16,15,8,7
352,384,8,16,4,15,1
352,384,8,16,0,4,3
352,384,8,16,4,0,5
352,384,8,16,15,4,7
360,384,8,16,4,15,1
360,384,8,16,0,4,3
360,384,8,16,4,0,5
360,384,8,16,15,4,7
368,384,8,16,4,15,1
368,384,8,16,0,4,3
368,384,8,16,4,0,5
368,384,8,16,15,4,7
32,64,16,16,8,15,1
48,64,16,16,8,15,1
64,64,16,16,8,15,1
80,64,16,16,8,15,1
96,64,16,16,8,15,1
112,64,16,16,8,15,1
128,64,16,16,8,15,1
144,64,16,16,8,15,1
160,64,16,16,8,15,1
176,64,16,16,8,15,1
192,64,16,16,8,15,1
208,64,16,16,8,15,1
224,64,16,16,8,15,1
240,64,16,16,8,15,1
256,64,16,16,8,15,1
272,64,16,16,8,15,1
288,64,16,16,8,15,1
304,64,16,16,8,15,1
320,64,16,16,8,15,1
336,64,16,16,8,15,1
504,352,8,16,4,15,1
336,64,16,16,8,15,9
352,64,16,16,8,15,1
368,64,16,16,8,15,1
496,352,8,16,4,15,1
368,64,16,16,8,15,9
384,64,16,16,8,15,1
400,64,16,16,8,15,1
416,64,16,16,8,15,1
400,80,16,16,8,15,1
168,480,8,16,4,0,1
432,64,16,16,8,15,1
448,64,16,16,8,15,1
464,64,16,16,8,15,1
480,64,16,16,8,15,1
496,64,16,16,8,15,1
0,80,16,16,8,16,1
16,80,16,16,8,15,1
32,80,16,16,8,15,1
48,80,16,16,8,15,1
64,80,16,16,8,15,1
48,80,16,16,8,15,9
32,80,16,16,8,15,17
48,80,16,16,8,15,17
64,80,16,16,8,15,17
48,80,16,16,8,15,25
80,80,16,16,8,15,1
96,80,16,16,8,15,1
80,80,16,16,8,15,9
96,80,16,16,8,15,9
416,392,8,8,4,7,1
424,384,8,16,4,15,1
112,80,16,16,8,15,1
128,80,16,16,8,15,1
144,80,16,16,8,15,1
160,80,16,16,8,15,1
176,80,16,16,8,15,1
192,80,16,16,8,15,1
208,80,16,16,8,15,1
224,80,16,16,8,15,1
240,80,16,16,8,15,1
256,80,16,16,8,15,1
272,80,16,16,8,15,1
288,80,16,16,8,15,1
304,80,16,16,8,15,1
304,80,16,16,8,15,3
320,80,16,16,8,8,1
320,80,16,16,8,8,9
336,80,16,16,8,8,1
352,80,16,16,8,8,1
488,352,8,16,4,8,1
368,80,16,16,8,8,1
384,80,16,16,8,8,1
416,80,16,16,8,8,1
432,80,16,16,8,8,1
448,80,16,16,8,8,1
464,80,16,16,8,8,1
480,80,16,16,8,8,1
496,80,16,16,8,8,1
0,96,16,16,8,8,1
16,96,16,16,8,8,1
32,96,16,16,8,8,1
48,96,16,16,8,8,1
48,96,16,16,8,8,3
48,96,16,16,8,8,5
48,96,16,16,8,8,7
64,96,16,16,8,8,1
64,96,16,16,8,8,3
64,96,16,16,8,8,5
64,96,16,16,8,8,7
80,96,16,16,8,8,1
96,96,16,16,8,8,1
400,496,16,8,8,4,1
400,496,16,8,4,8,3
400,496,16,8,8,4,5
400,496,16,8,4,8,7
112,96,16,16,2,15,1
128,96,16,16,8,8,1
144,96,16,16,8,15,1
160,96,16,16,8,15,1
176,96,16,16,8,15,1
192,96,16,16,8,15,1
208,96,16,16,8,15,1
224,96,16,16,8,15,1
240,96,16,16,8,15,1
256,96,16,16,8,15,1
272,96,16,16,8,15,1
488,368,8,16,4,15,1
488,368,8,16,0,4,3
488,368,8,16,4,0,5
488,368,8,16,15,4,7
376,384,8,16,2,15,1
376,384,8,16,0,2,3
376,384,8,16,4,0,5
376,384,8,16,15,4,7
288,96,16,16,8,15,1
288,96,16,16,0,8,3
288,96,16,16,8,0,5
288,96,16,16,15,8,7
304,96,16,16,8,15,1
304,96,16,16,0,8,3
304,96,16,16,8,0,5
304,96,16,16,15,8,7
320,96,16,16,8,15,1
320,96,16,16,0,8,3
320,96,16,16,8,0,5
320,96,16,16,15,8,7
336,96,16,16,8,8,1
352,96,16,16,8,8,1
368,96,16,16,8,8,1
384,96,16,16,8,8,1
400,96,16,16,8,8,1
416,96,16,16,8,8,1
432,96,16,16,7,8,1
448,96,16,16,8,15,1
464,96,16,16,8,15,1
480,96,16,16,8,8,1
496,96,16,16,8,8,1
480,352,8,16,4,15,1
0,112,16,16,8,8,1
0,112,16,16,8,8,3
0,112,16,16,8,8,5
0,112,16,16,8,8,7
16,112,16,16,8,8,1
16,112,16,16,8,8,3
16,112,16,16,8,8,5
16,112,16,16,8,8,7
32,112,16,16,8,8,1
32,112,16,16,8,8,3
32,112,16,16,8,8,5
32,112,16,16,8,8,7
48,112,16,16,8,8,1
48,112,16,16,8,8,3
48,112,16,16,8,8,5
48,112,16,16,8,8,7
64,112,16,16,8,15,1
80,112,16,16,1,15,1
96,112,16,16,8,15,1
112,112,16,16,8,15,1
96,112,16,16,8,15,9
128,112,16,16,8,15,1
144,120,16,8,8,7,1
160,120,16,8,8,7,1
144,112,16,8,8,7,1
160,112,16,8,8,7,1
176,112,16,16,8,8,1
176,112,16,16,8,8,3
176,112,16,16,8,8,5
176,112,16,16,8,8,7
192,112,16,16,8,8,1
192,112,16,16,8,8,3
192,112,16,16,8,8,5
192,112,16,16,8,8,7
208,112,16,16,8,8,1
208,112,16,16,8,8,3
208,112,16,16,8,8,5
208,112,16,16,8,8,7
224,112,16,16,8,8,1
224,112,16,16,8,8,3
224,112,16,16,8,8,5
224,112,16,16,8,8,7
240,112,16,16,8,8,1
240,112,16,16,8,8,3
240,112,16,16,8,8,5
240,112,16,16,8,8,7
256,112,16,16,8,8,1
256,112,16,16,8,8,9
256,112,16,16,8,8,3
256,112,16,16,8,8,11
256,112,16,16,8,8,5
256,112,16,16,8,8,13
256,112,16,16,8,8,7
256,112,16,16,8,8,15
272,112,16,16,8,8,1
272,112,16,16,8,8,3
272,112,16,16,8,8,5
272,112,16,16,8,8,7
288,112,16,16,8,8,1
304,112,16,16,8,8,1
288,112,16,16,8,8,3
304,112,16,16,8,8,3
288,112,16,16,8,8,5
304,112,16,16,8,8,5
288,112,16,16,8,8,7
304,112,16,16,8,8,7
320,112,16,16,8,8,1
336,112,16,16,8,8,1
320,112,16,16,8,8,9
336,112,16,16,8,8,9
352,112,16,16,8,8,1
352,112,16,16,8,8,9
352,112,16,16,8,8,3
352,112,16,16,8,8,11
352,112,16,16,8,8,5
352,112,16,16,8,8,13
352,112,16,16,8,8,7
352,112,16,16,8,8,15
368,112,16,16,8,8,1
368,112,16,16,8,8,9
368,112,16,16,8,8,3
368,112,16,16,8,8,11
368,112,16,16,8,8,5
368,112,16,16,8,8,13
368,112,16,16,8,8,7
368,112,16,16,8,8,15
384,112,16,16,8,8,1
384,112,16,16,8,8,3
384,112,16,16,8,8,5
384,112,16,16,8,8,7
400,112,16,16,8,8,1
400,112,16,16,8,8,3
400,112,16,16,8,8,5
400,112,16,16,8,8,7
416,112,16,16,8,8,1
416,112,16,16,8,8,3
416,112,16,16,8,8,5
416,112,16,16,8,8,7
432,112,16,16,8,15,1
416,400,8,16,2,12,1
424,400,8,16,2,12,1
432,400,8,16,2,12,1
440,400,8,16,2,12,1
448,400,8,16,2,12,1
456,400,8,16,2,12,1
320,128,16,16,8,8,1
336,128,16,16,8,8,1
352,128,16,16,8,8,1
368,128,16,16,8,8,1
384,128,16,16,8,8,1
400,128,16,16,8,8,1
416,128,16,16,8,8,1
432,128,16,16,8,8,1
448,128,16,16,8,8,1
464,128,16,16,8,8,1
480,128,16,16,8,8,1
496,128,16,16,8,8,1
0,272,16,16,8,15,1
16,272,16,16,8,15,1
0,272,16,16,8,15,9
32,272,16,16,8,15,1
48,272,16,16,8,15,1
48,272,16,16,8,15,1
48,272,16,16,8,15,9
48,272,16,16,8,15,9
64,272,16,16,8,15,1
80,272,16,16,8,15,1
64,272,16,16,8,15,9
96,272,16,16,8,15,1
112,272,16,16,8,15,1
112,272,16,16,8,15,1
112,272,16,16,8,15,9
112,272,16,16,8,15,9
128,272,16,16,8,15,1
144,272,16,16,8,15,1
128,272,16,16,8,15,9
160,272,16,16,8,15,1
176,272,16,16,8,15,1
176,272,16,16,8,15,1
176,272,16,16,8,15,9
176,272,16,16,8,15,9
192,272,16,16,8,15,1
208,272,16,16,8,15,1
192,272,16,16,8,15,9
224,272,16,16,8,15,1
240,272,16,16,8,15,1
240,272,16,16,8,15,1
240,272,16,16,8,15,9
240,272,16,16,8,15,9
0,144,16,16,8,15,1
16,144,16,16,8,15,1
0,144,16,16,8,15,1
32,144,16,16,8,15,1
48,144,16,16,8,15,1
64,144,16,16,8,15,1
48,144,16,16,8,15,1
64,144,16,16,8,15,9
0,144,16,16,8,15,9
16,144,16,16,8,15,9
0,144,16,16,8,15,9
32,144,16,16,8,15,9
80,144,16,16,8,15,1
96,144,16,16,8,15,1
80,144,16,16,8,15,1
96,144,16,16,8,15,9
112,144,16,16,8,15,1
112,144,16,16,8,15,1
112,144,16,16,8,15,9
112,144,16,16,8,15,9
128,144,16,16,8,15,1
144,144,16,16,8,15,1
128,144,16,16,8,15,1
160,144,16,16,8,15,1
176,144,16,16,8,15,1
192,144,16,16,8,15,1
176,144,16,16,8,15,1
192,144,16,16,8,15,9
128,144,16,16,8,15,9
144,144,16,16,8,15,9
128,144,16,16,8,15,9
160,144,16,16,8,15,9
208,144,16,16,8,15,1
224,144,16,16,8,15,1
208,144,16,16,8,15,1
224,144,16,16,8,15,9
240,144,16,16,8,15,1
240,144,16,16,8,15,1
240,144,16,16,8,15,9
240,144,16,16,8,15,9
256,144,16,16,8,15,1
272,144,16,16,8,15,1
256,144,16,16,8,15,1
288,144,16,16,8,15,1
304,144,16,16,8,15,1
320,144,16,16,8,15,1
304,144,16,16,8,15,1
320,144,16,16,8,15,9
256,144,16,16,8,15,9
272,144,16,16,8,15,9
256,144,16,16,8,15,9
288,144,16,16,8,15,9
336,144,16,16,8,15,1
352,144,16,16,8,15,1
336,144,16,16,8,15,1
352,144,16,16,8,15,9
368,144,16,16,8,15,1
368,144,16,16,8,15,1
368,144,16,16,8,15,9
368,144,16,16,8,15,9
384,144,16,16,8,15,1
400,144,16,16,8,15,1
384,144,16,16,8,15,1
416,144,16,16,8,15,1
432,144,16,16,8,15,1
448,144,16,16,8,15,1
432,144,16,16,8,15,1
448,144,16,16,8,15,9
384,144,16,16,8,15,9
400,144,16,16,8,15,9
384,144,16,16,8,15,9
416,144,16,16,8,15,9
464,144,16,16,8,15,1
480,144,16,16,8,15,1
464,144,16,16,8,15,1
480,144,16,16,8,15,9
496,144,16,16,8,15,1
496,144,16,16,8,15,1
496,144,16,16,8,15,9
496,144,16,16,8,15,9
0,160,16,16,8,15,1
16,160,16,16,8,15,1
0,160,16,16,8,15,1
32,160,16,16,8,15,1
48,160,16,16,8,15,1
64,160,16,16,8,15,1
48,160,16,16,8,15,1
64,160,16,16,8,15,9
0,160,16,16,8,15,9
16,160,16,16,8,15,9
0,160,16,16,8,15,9
32,160,16,16,8,15,9
80,160,16,16,8,15,1
96,160,16,16,8,15,1
80,160,16,16,8,15,1
96,160,16,16,8,15,9
112,160,16,16,8,15,1
112,160,16,16,8,15,1
112,160,16,16,8,15,9
112,160,16,16,8,15,9
128,160,16,16,8,15,1
144,160,16,16,8,15,1
128,160,16,16,8,15,1
160,160,16,16,8,15,1
176,160,16,16,8,15,1
192,160,16,16,8,15,1
176,160,16,16,8,15,1
192,160,16,16,8,15,9
128,160,16,16,8,15,9
144,160,16,16,8,15,9
128,160,16,16,8,15,9
160,160,16,16,8,15,9
208,160,16,16,8,15,1
224,160,16,16,8,15,1
208,160,16,16,8,15,1
224,160,16,16,8,15,9
240,160,16,16,8,15,1
240,160,16,16,8,15,1
240,160,16,16,8,15,9
240,160,16,16,8,15,9
256,160,16,16,8,15,1
272,160,16,16,8,15,1
256,160,16,16,8,15,1
288,160,16,16,8,15,1
304,160,16,16,8,15,1
320,160,16,16,8,15,1
304,160,16,16,8,15,1
320,160,16,16,8,15,9
256,160,16,16,8,15,9
272,160,16,16,8,15,9
256,160,16,16,8,15,9
288,160,16,16,8,15,9
336,160,16,16,8,15,1
352,160,16,16,8,15,1
336,160,16,16,8,15,1
352,160,16,16,8,15,9
368,160,16,16,8,15,1
368,160,16,16,8,15,1
368,160,16,16,8,15,9
368,160,16,16,8,15,9
384,160,16,16,8,15,1
400,160,16,16,8,15,1
384,160,16,16,8,15,1
416,160,16,16,8,15,1
432,160,16,16,8,15,1
448,160,16,16,8,15,1
432,160,16,16,8,15,1
448,160,16,16,8,15,9
384,160,16,16,8,15,9
400,160,16,16,8,15,9
384,160,16,16,8,15,9
416,160,16,16,8,15,9
464,160,16,16,8,15,1
480,160,16,16,8,15,1
464,160,16,16,8,15,1
480,160,16,16,8,15,9
496,160,16,16,8,15,1
496,160,16,16,8,15,1
496,160,16,16,8,15,9
496,160,16,16,8,15,9
0,176,16,16,8,15,1
16,176,16,16,8,15,1
0,176,16,16,8,15,1
32,176,16,16,8,15,1
48,176,16,16,8,15,1
64,176,16,16,8,15,1
48,176,16,16,8,15,1
64,176,16,16,8,15,9
0,176,16,16,8,15,9
16,176,16,16,8,15,9
0,176,16,16,8,15,9
32,176,16,16,8,15,9
80,176,16,16,8,15,1
96,176,16,16,8,15,1
80,176,16,16,8,15,1
96,176,16,16,8,15,9
112,176,16,16,8,15,1
112,176,16,16,8,15,1
112,176,16,16,8,15,9
112,176,16,16,8,15,9
128,176,16,16,8,15,1
144,176,16,16,8,15,1
128,176,16,16,8,15,1
160,176,16,16,8,15,1
176,176,16,16,8,15,1
192,176,16,16,8,15,1
176,176,16,16,8,15,1
192,176,16,16,8,15,9
128,176,16,16,8,15,9
144,176,16,16,8,15,9
128,176,16,16,8,15,9
160,176,16,16,8,15,9
208,176,16,16,8,15,1
224,176,16,16,8,15,1
208,176,16,16,8,15,1
224,176,16,16,8,15,9
240,176,16,16,8,15,1
240,176,16,16,8,15,1
240,176,16,16,8,15,9
240,176,16,16,8,15,9
256,176,16,16,8,15,1
272,176,16,16,8,15,1
256,176,16,16,8,15,1
288,176,16,16,8,15,1
304,176,16,16,8,15,1
320,176,16,16,8,15,1
304,176,16,16,8,15,1
320,176,16,16,8,15,9
256,176,16,16,8,15,9
272,176,16,16,8,15,9
256,176,16,16,8,15,9
288,176,16,16,8,15,9
336,176,16,16,8,15,1
352,176,16,16,8,15,1
336,176,16,16,8,15,1
352,176,16,16,8,15,9
368,176,16,16,8,15,1
368,176,16,16,8,15,1
368,176,16,16,8,15,9
368,176,16,16,8,15,9
384,176,16,16,8,15,1
400,176,16,16,8,15,1
384,176,16,16,8,15,1
416,176,16,16,8,15,1
432,176,16,16,8,15,1
448,176,16,16,8,15,1
432,176,16,16,8,15,1
448,176,16,16,8,15,9
384,176,16,16,8,15,9
400,176,16,16,8,15,9
384,176,16,16,8,15,9
416,176,16,16,8,15,9
464,176,16,16,8,15,1
480,176,16,16,8,15,1
464,176,16,16,8,15,1
480,176,16,16,8,15,9
496,176,16,16,8,15,1
496,176,16,16,8,15,1
496,176,16,16,8,15,9
496,176,16,16,8,15,9
0,192,16,16,8,15,1
16,192,16,16,8,15,1
0,192,16,16,8,15,1
32,192,16,16,8,15,1
48,192,16,16,8,15,1
64,192,16,16,8,15,1
48,192,16,16,8,15,1
64,192,16,16,8,15,9
0,192,16,16,8,15,9
16,192,16,16,8,15,9
0,192,16,16,8,15,9
32,192,16,16,8,15,9
80,192,16,16,8,15,1
96,192,16,16,8,15,1
80,192,16,16,8,15,1
96,192,16,16,8,15,9
112,192,16,16,8,15,1
112,192,16,16,8,15,1
112,192,16,16,8,15,9
112,192,16,16,8,15,9
128,192,16,16,8,15,1
144,192,16,16,8,15,1
128,192,16,16,8,15,1
160,192,16,16,8,15,1
176,192,16,16,8,15,1
192,192,16,16,8,15,1
176,192,16,16,8,15,1
192,192,16,16,8,15,9
128,192,16,16,8,15,9
144,192,16,16,8,15,9
128,192,16,16,8,15,9
160,192,16,16,8,15,9
208,192,16,16,8,15,1
224,192,16,16,8,15,1
208,192,16,16,8,15,1
224,192,16,16,8,15,9
240,192,16,16,8,15,1
240,192,16,16,8,15,1
240,192,16,16,8,15,9
240,192,16,16,8,15,9
256,192,16,16,8,15,1
272,192,16,16,8,15,1
256,192,16,16,8,15,1
288,192,16,16,8,15,1
304,192,16,16,8,15,1
320,192,16,16,8,15,1
304,192,16,16,8,15,1
320,192,16,16,8,15,9
256,192,16,16,8,15,9
272,192,16,16,8,15,9
256,192,16,16,8,15,9
288,192,16,16,8,15,9
336,192,16,16,8,15,1
352,192,16,16,8,15,1
336,192,16,16,8,15,1
352,192,16,16,8,15,9
368,192,16,16,8,15,1
368,192,16,16,8,15,1
368,192,16,16,8,15,9
368,192,16,16,8,15,9
384,192,16,16,8,15,1
400,192,16,16,8,15,1
384,192,16,16,8,15,1
416,192,16,16,8,15,1
432,192,16,16,8,15,1
448,192,16,16,8,15,1
432,192,16,16,8,15,1
448,192,16,16,8,15,9
384,192,16,16,8,15,9
400,192,16,16,8,15,9
384,192,16,16,8,15,9
416,192,16,16,8,15,9
464,192,16,16,8,15,1
480,192,16,16,8,15,1
464,192,16,16,8,15,1
480,192,16,16,8,15,9
496,192,16,16,8,15,1
496,192,16,16,8,15,1
496,192,16,16,8,15,9
496,192,16,16,8,15,9
0,208,16,16,8,15,1
16,208,16,16,8,15,1
0,208,16,16,8,15,1
32,208,16,16,8,15,1
48,208,16,16,8,15,1
64,208,16,16,8,15,1
48,208,16,16,8,15,1
64,208,16,16,8,15,9
0,208,16,16,8,15,9
16,208,16,16,8,15,9
0,208,16,16,8,15,9
32,208,16,16,8,15,9
80,208,16,16,8,15,1
96,208,16,16,8,15,1
80,208,16,16,8,15,1
96,208,16,16,8,15,9
112,208,16,16,8,15,1
112,208,16,16,8,15,1
112,208,16,16,8,15,9
112,208,16,16,8,15,9
128,208,16,16,8,15,1
144,208,16,16,8,15,1
128,208,16,16,8,15,1
160,208,16,16,8,15,1
176,208,16,16,8,15,1
192,208,16,16,8,15,1
176,208,16,16,8,15,1
192,208,16,16,8,15,9
128,208,16,16,8,15,9
144,208,16,16,8,15,9
128,208,16,16,8,15,9
160,208,16,16,8,15,9
208,208,16,16,8,15,1
224,208,16,16,8,15,1
208,208,16,16,8,15,1
224,208,16,16,8,15,9
240,208,16,16,8,15,1
240,208,16,16,8,15,1
240,208,16,16,8,15,9
240,208,16,16,8,15,9
256,208,16,16,8,15,1
272,208,16,16,8,15,1
256,208,16,16,8,15,1
288,208,16,16,8,15,1
304,208,16,16,8,15,1
320,208,16,16,8,15,1
304,208,16,16,8,15,1
320,208,16,16,8,15,9
256,208,16,16,8,15,9
272,208,16,16,8,15,9
256,208,16,16,8,15,9
288,208,16,16,8,15,9
336,208,16,16,8,15,1
352,208,16,16,8,15,1
336,208,16,16,8,15,1
352,208,16,16,8,15,9
368,208,16,16,8,15,1
368,208,16,16,8,15,1
368,208,16,16,8,15,9
368,208,16,16,8,15,9
384,208,16,16,8,15,1
400,208,16,16,8,15,1
384,208,16,16,8,15,1
416,208,16,16,8,15,1
432,208,16,16,8,15,1
448,208,16,16,8,15,1
432,208,16,16,8,15,1
448,208,16,16,8,15,9
384,208,16,16,8,15,9
400,208,16,16,8,15,9
384,208,16,16,8,15,9
416,208,16,16,8,15,9
464,208,16,16,8,15,1
480,208,16,16,8,15,1
464,208,16,16,8,15,1
480,208,16,16,8,15,9
496,208,16,16,8,15,1
496,208,16,16,8,15,1
496,208,16,16,8,15,9
496,208,16,16,8,15,9
0,224,16,16,8,15,1
16,224,16,16,8,15,1
0,224,16,16,8,15,1
32,224,16,16,8,15,1
48,224,16,16,8,15,1
64,224,16,16,8,15,1
48,224,16,16,8,15,1
64,224,16,16,8,15,9
0,224,16,16,8,15,9
16,224,16,16,8,15,9
0,224,16,16,8,15,9
32,224,16,16,8,15,9
80,224,16,16,8,15,1
96,224,16,16,8,15,1
80,224,16,16,8,15,1
96,224,16,16,8,15,9
112,224,16,16,8,15,1
112,224,16,16,8,15,1
112,224,16,16,8,15,9
112,224,16,16,8,15,9
128,224,16,16,8,15,1
144,224,16,16,8,15,1
128,224,16,16,8,15,1
160,224,16,16,8,15,1
176,224,16,16,8,15,1
192,224,16,16,8,15,1
176,224,16,16,8,15,1
192,224,16,16,8,15,9
128,224,16,16,8,15,9
144,224,16,16,8,15,9
128,224,16,16,8,15,9
160,224,16,16,8,15,9
208,224,16,16,8,15,1
224,224,16,16,8,15,1
208,224,16,16,8,15,1
224,224,16,16,8,15,9
240,224,16,16,8,15,1
240,224,16,16,8,15,1
240,224,16,16,8,15,9
240,224,16,16,8,15,9
256,224,16,16,8,15,1
272,224,16,16,8,15,1
256,224,16,16,8,15,1
288,224,16,16,8,15,1
304,224,16,16,8,15,1
320,224,16,16,8,15,1
304,224,16,16,8,15,1
320,224,16,16,8,15,9
256,224,16,16,8,15,9
272,224,16,16,8,15,9
256,224,16,16,8,15,9
288,224,16,16,8,15,9
336,224,16,16,8,15,1
352,224,16,16,8,15,1
336,224,16,16,8,15,1
352,224,16,16,8,15,9
368,224,16,16,8,15,1
368,224,16,16,8,15,1
368,224,16,16,8,15,9
368,224,16,16,8,15,9
384,224,16,16,8,15,1
400,224,16,16,8,15,1
384,224,16,16,8,15,1
416,224,16,16,8,15,1
432,224,16,16,8,15,1
448,224,16,16,8,15,1
432,224,16,16,8,15,1
448,224,16,16,8,15,9
384,224,16,16,8,15,9
400,224,16,16,8,15,9
384,224,16,16,8,15,9
416,224,16,16,8,15,9
464,224,16,16,8,15,1
480,224,16,16,8,15,1
464,224,16,16,8,15,1
480,224,16,16,8,15,9
496,224,16,16,8,15,1
496,224,16,16,8,15,1
496,224,16,16,8,15,9
496,224,16,16,8,15,9
0,240,16,16,8,15,1
16,240,16,16,8,15,1
0,240,16,16,8,15,1
32,240,16,16,8,15,1
48,240,16,16,8,15,1
64,240,16,16,8,15,1
48,240,16,16,8,15,1
64,240,16,16,8,15,9
0,240,16,16,8,15,9
16,240,16,16,8,15,9
0,240,16,16,8,15,9
32,240,16,16,8,15,9
80,240,16,16,8,15,1
96,240,16,16,8,15,1
80,240,16,16,8,15,1
96,240,16,16,8,15,9
112,240,16,16,8,15,1
112,240,16,16,8,15,1
112,240,16,16,8,15,9
112,240,16,16,8,15,9
128,240,16,16,8,15,1
144,240,16,16,8,15,1
128,240,16,16,8,15,1
160,240,16,16,8,15,1
176,240,16,16,8,15,1
192,240,16,16,8,15,1
176,240,16,16,8,15,1
192,240,16,16,8,15,9
128,240,16,16,8,15,9
144,240,16,16,8,15,9
128,240,16,16,8,15,9
160,240,16,16,8,15,9
208,240,16,16,8,15,1
224,240,16,16,8,15,1
208,240,16,16,8,15,1
224,240,16,16,8,15,9
240,240,16,16,8,15,1
240,240,16,16,8,15,1
240,240,16,16,8,15,9
240,240,16,16,8,15,9
256,240,16,16,8,15,1
272,240,16,16,8,15,1
256,240,16,16,8,15,1
288,240,16,16,8,15,1
304,240,16,16,8,15,1
320,240,16,16,8,15,1
304,240,16,16,8,15,1
320,240,16,16,8,15,9
256,240,16,16,8,15,9
272,240,16,16,8,15,9
256,240,16,16,8,15,9
288,240,16,16,8,15,9
336,240,16,16,8,15,1
352,240,16,16,8,15,1
336,240,16,16,8,15,9
352,240,16,16,8,15,1
368,240,16,16,8,15,1
368,240,16,16,8,15,1
368,240,16,16,8,15,9
368,240,16,16,8,15,9
384,240,16,16,8,15,1
400,240,16,16,8,15,1
384,240,16,16,8,15,1
416,240,16,16,8,15,1
432,240,16,16,8,15,1
448,240,16,16,8,15,1
432,240,16,16,8,15,1
448,240,16,16,8,15,9
384,240,16,16,8,15,9
400,240,16,16,8,15,9
384,240,16,16,8,15,9
416,240,16,16,8,15,9
464,240,16,16,8,15,1
480,240,16,16,8,15,1
464,240,16,16,8,15,1
480,240,16,16,8,15,9
496,240,16,16,8,15,1
496,240,16,16,8,15,1
496,240,16,16,8,15,9
496,240,16,16,8,15,9
0,256,16,16,8,15,1
16,256,16,16,8,15,1
0,256,16,16,8,15,1
32,256,16,16,8,15,1
48,256,16,16,8,15,1
64,256,16,16,8,15,1
48,256,16,16,8,15,1
64,256,16,16,8,15,9
0,256,16,16,8,15,9
16,256,16,16,8,15,9
0,256,16,16,8,15,9
32,256,16,16,8,15,9
80,256,16,16,8,15,1
96,256,16,16,8,15,1
80,256,16,16,8,15,1
96,256,16,16,8,15,9
112,256,16,16,8,15,1
112,256,16,16,8,15,1
112,256,16,16,8,15,9
112,256,16,16,8,15,9
128,256,16,16,8,15,1
144,256,16,16,8,15,1
128,256,16,16,8,15,1
160,256,16,16,8,15,1
176,256,16,16,8,15,1
192,256,16,16,8,15,1
176,256,16,16,8,15,1
192,256,16,16,8,15,9
128,256,16,16,8,15,9
144,256,16,16,8,15,9
128,256,16,16,8,15,9
160,256,16,16,8,15,9
208,256,16,16,8,15,1
224,256,16,16,8,15,1
208,256,16,16,8,15,1
224,256,16,16,8,15,9
240,256,16,16,8,15,1
240,256,16,16,8,15,1
240,256,16,16,8,15,9
240,256,16,16,8,15,9
0,304,16,16,8,15,1
0,304,16,16,8,15,9
16,304,16,16,8,15,1
16,304,16,16,8,15,9
32,304,16,16,8,15,1
48,304,16,16,8,15,1
32,304,16,16,8,15,9
48,304,16,16,8,15,9
256,256,16,16,8,15,1
272,256,16,16,8,15,1
256,256,16,16,8,15,1
288,256,16,16,8,15,1
304,256,16,16,8,15,1
320,256,16,16,8,15,1
304,256,16,16,8,15,1
320,256,16,16,8,15,9
256,256,16,16,8,15,9
272,256,16,16,8,15,9
256,256,16,16,8,15,9
288,256,16,16,8,15,9
336,256,16,16,8,15,1
352,256,16,16,8,15,1
336,256,16,16,8,15,1
352,256,16,16,8,15,9
368,256,16,16,8,15,1
368,256,16,16,8,15,1
368,256,16,16,8,15,9
368,256,16,16,8,15,9
384,256,16,16,8,15,1
400,256,16,16,8,15,1
384,256,16,16,8,15,1
416,256,16,16,8,15,1
432,256,16,16,8,15,1
448,256,16,16,8,15,1
432,256,16,16,8,15,1
448,256,16,16,8,15,9
384,256,16,16,8,15,9
400,256,16,16,8,15,9
384,256,16,16,8,15,9
416,256,16,16,8,15,9
464,256,16,16,8,15,1
480,256,16,16,8,15,1
464,256,16,16,8,15,1
480,256,16,16,8,15,9
496,256,16,16,8,15,1
496,256,16,16,8,15,1
496,256,16,16,8,15,9
496,256,16,16,8,15,9
256,272,16,16,8,15,1
272,272,16,16,8,15,1
256,272,16,16,8,15,9
272,272,16,16,8,15,9
272,272,16,16,8,15,1
272,272,16,16,8,15,9
288,272,16,16,8,15,1
288,272,16,16,8,15,9
304,272,16,16,8,15,1
304,272,16,16,8,15,9
320,272,16,16,8,15,1
336,272,16,16,8,15,1
320,272,16,16,8,15,9
336,272,16,16,8,15,9
336,272,16,16,8,15,1
336,272,16,16,8,15,9
352,272,16,16,8,15,1
352,272,16,16,8,15,9
368,272,16,16,8,15,1
368,272,16,16,8,15,9
384,272,16,16,8,15,1
400,272,16,16,8,15,1
384,272,16,16,8,15,1
400,272,16,16,8,15,9
416,272,16,16,8,15,1
416,272,16,16,8,15,9
432,272,16,16,8,15,1
432,272,16,16,8,15,9
448,272,16,16,8,15,1
480,272,16,16,8,15,9
480,272,16,16,8,15,1
496,272,16,16,8,15,9
496,272,16,16,8,15,1
464,272,16,16,0,6,9
464,272,16,16,16,6,1
464,272,16,16,0,10,25
464,272,16,16,16,10,17
336,384,16,8,8,7,1
432,464,16,8,8,7,1
336,392,16,8,8,4,1
432,384,16,8,8,4,1
464,392,8,8,0,8,1
432,392,8,8,0,8,1
440,392,8,8,0,8,1
448,384,8,16,0,16,1
456,384,8,16,0,16,1
464,384,8,8,8,8,1
464,384,8,8,0,8,9
464,384,8,8,8,0,17
464,384,8,8,0,0,25
472,384,8,8,4,4,1
48,288,16,16,8,8,1
64,288,16,16,8,8,1
80,288,16,16,8,8,1
64,288,16,16,8,8,9
96,288,16,16,8,8,1
112,288,16,16,8,8,1
128,288,16,16,8,8,1
112,288,16,16,8,8,9
0,288,16,16,8,8,1
16,288,16,16,8,8,1
32,288,16,16,8,8,1
144,288,16,16,8,8,1
160,288,16,16,8,8,1
176,288,16,16,8,8,1
160,288,16,16,8,8,9
192,288,16,16,8,8,1
208,288,16,16,8,8,1
224,288,16,16,8,8,1
240,288,16,16,8,8,1
256,288,16,16,8,8,1
272,288,16,16,8,8,1
288,288,16,16,8,8,1
304,288,16,16,8,8,1
320,288,16,16,8,8,1
336,288,16,16,8,8,1
352,288,16,16,8,8,1
368,288,16,16,8,8,1
384,288,16,16,8,8,1
400,288,16,16,8,8,1
416,288,16,16,8,8,1
432,288,16,16,8,8,1
416,288,16,16,8,8,1
448,288,16,16,8,8,1
464,288,16,16,8,8,1
480,288,16,16,8,8,1
496,288,16,16,8,8,1
64,304,16,16,8,8,1
80,304,16,16,8,8,1
96,304,16,16,8,8,1
112,304,16,16,8,8,1
128,304,16,16,8,15,1
144,304,16,16,8,15,1
160,304,16,16,8,15,1
128,304,48,16,24,15,1
176,304,16,16,8,15,1
192,304,16,16,8,15,1
208,304,16,16,8,15,1
176,304,48,16,24,15,1
224,304,16,16,8,15,1
240,304,16,16,8,15,1
256,304,16,16,8,15,1
224,304,48,16,24,15,1
272,304,16,16,8,15,1
288,304,16,16,8,15,1
304,304,16,16,8,15,1
272,304,48,16,24,15,1
0,416,24,32,12,16,1
24,416,24,32,12,16,1
48,416,24,32,12,16,1
72,416,24,32,12,16,1
96,416,24,32,12,16,1
120,416,24,32,12,16,1
144,416,24,32,12,16,1
120,416,24,32,12,16,9
96,416,24,32,12,16,9
72,416,24,32,12,16,9
48,416,24,32,12,16,9
24,416,24,32,12,16,9
0,448,24,32,12,16,1
24,448,24,32,12,16,1
48,448,24,32,12,16,1
72,448,24,32,12,16,1
96,448,24,32,12,16,1
120,448,24,32,12,16,1
144,448,24,32,12,16,1
120,448,24,32,12,16,9
96,448,24,32,12,16,9
72,448,24,32,12,16,9
48,448,24,32,12,16,9
24,448,24,32,12,16,9
0,480,24,32,12,16,1
24,480,24,32,12,16,1
48,480,24,32,12,16,1
72,480,24,32,12,16,1
96,480,24,32,12,16,1
120,480,24,32,12,16,1
144,480,24,32,12,16,1
120,480,24,32,12,16,9
96,480,24,32,12,16,9
72,480,24,32,12,16,9
48,480,24,32,12,16,9
24,480,24,32,12,16,9
168,416,24,32,12,16,1
192,416,24,32,12,16,1
216,416,24,32,12,16,1
168,448,24,32,12,16,1
192,448,24,32,12,16,1
216,448,24,32,12,16,1
352,400,32,16,16,0,1
384,400,32,16,16,0,1
264,448,24,8,12,8,1
264,456,24,8,12,8,1
264,464,24,8,12,8,1
264,456,24,8,12,8,9
176,480,16,8,8,8,1
176,488,16,8,8,8,1
400,472,16,8,8,0,1
400,480,16,8,8,0,1
400,488,16,8,8,0,1
320,384,8,16,4,8,1
424,488,8,16,4,8,1
352,416,16,8,8,8,1
352,424,16,8,8,0,1
352,432,16,8,8,0,1
352,416,16,24,8,12,1
416,472,8,16,4,8,1
424,472,8,16,4,8,1
432,472,8,16,4,8,1
440,472,8,16,4,8,1
400,440,8,16,4,8,1
408,440,8,16,4,8,1
416,440,8,16,4,8,1
424,440,8,16,4,8,1
400,456,8,16,4,8,1
408,456,8,16,4,8,1
416,456,8,16,4,8,1
424,456,8,16,4,8,1
472,400,8,8,4,4,1
472,408,8,8,4,4,1
480,480,8,8,4,4,1
488,480,8,8,4,4,1
480,480,8,8,4,4,9
488,480,8,8,4,4,1
496,480,8,8,4,4,1
504,480,8,8,4,4,1
496,480,8,8,4,4,9
504,480,8,8,4,4,1
288,504,8,8,4,4,1
296,504,8,8,4,4,1
304,504,8,8,4,4,1
296,504,8,8,4,4,1
264,472,8,8,4,4,1
272,472,8,8,4,4,1
280,472,8,8,4,4,1
464,408,8,8,3,4,1
464,400,8,8,3,4,1
440,488,8,16,3,8,1
432,488,8,16,3,8,1
368,416,16,24,8,12,1
448,112,16,16,8,8,1
464,112,16,16,8,8,1
480,112,16,16,8,8,1
496,112,16,16,8,8,1
432,440,16,8,7,4,1
432,448,16,8,7,4,1
432,456,16,8,7,4,1
384,432,8,8,4,4,1
392,432,8,8,4,4,1
496,368,8,8,3,4,1
496,376,8,8,3,4,1
504,368,8,16,3,0,1
192,128,16,16,8,8,1
208,128,16,16,8,8,1
224,128,16,16,8,8,1
240,128,16,16,8,8,1
256,128,16,16,8,8,1
272,128,16,16,8,8,1
288,128,16,16,8,8,1
304,128,16,16,8,8,1
0,128,16,16,8,8,1
16,128,16,16,8,8,1
32,128,16,16,8,8,1
48,128,16,16,8,8,1
64,128,16,16,8,15,1
80,128,16,16,8,15,1
96,128,16,16,8,15,1
112,128,16,16,8,15,1
128,128,16,16,8,15,1
144,128,16,16,8,15,1
160,128,16,16,8,15,1
176,128,16,16,8,15,1
96,384,32,32,16,16,1
128,384,32,32,16,16,1
160,384,32,32,16,16,1
192,384,32,32,16,16,1
224,384,32,32,16,16,1
256,384,32,32,16,16,1
288,384,32,32,16,16,1
320,400,32,16,16,0,1
0,320,32,32,16,16,1
32,320,32,32,16,16,1
64,320,32,32,16,16,1
96,320,32,32,16,16,1
96,320,32,32,16,16,9
128,320,32,32,16,31,1
160,320,32,32,16,31,1
192,320,32,32,16,31,1
224,320,32,32,16,31,1
128,320,32,32,16,31,9
160,320,32,32,16,31,9
192,320,32,32,16,31,9
224,320,32,32,16,31,9
256,320,32,32,16,31,1
288,320,32,32,16,31,1
256,320,32,32,16,31,1
320,320,32,32,16,31,1
256,320,32,32,16,31,9
288,320,32,32,16,31,9
256,320,32,32,16,31,9
320,320,32,32,16,31,9
256,320,32,32,16,31,1
352,320,32,32,16,31,1
256,320,32,32,16,31,9
352,320,32,32,16,31,9
384,320,32,32,16,31,1
416,320,32,32,16,31,1
448,320,32,32,16,31,1
384,320,32,32,16,31,9
416,320,32,32,16,31,9
448,320,32,32,16,31,9
480,336,32,16,16,15,1
480,336,32,16,16,15,9
0,384,32,32,16,16,17
32,384,32,32,16,16,1
64,384,32,32,16,16,1
336,480,16,32,8,16,17
64,384,32,32,16,16,1
336,480,16,32,8,16,1
240,416,24,32,12,16,1
264,416,24,32,12,16,1
336,448,16,32,8,24,1
240,448,24,32,12,31,1
336,416,16,32,8,31,1
416,496,8,8,4,0,1
416,488,8,8,4,8,1
496,320,16,8,8,8,1
480,320,16,8,8,8,1
0,352,32,32,16,16,1
32,352,32,32,16,16,1
64,352,32,32,16,16,1
96,352,32,32,16,16,1
128,352,32,32,16,16,1
160,352,32,32,16,16,1
192,352,32,32,16,16,1
224,352,32,32,16,16,1
256,352,32,32,16,16,1
288,352,32,32,16,16,1
320,352,32,32,16,16,1
352,352,32,32,16,16,1
384,352,32,32,16,16,1
416,352,32,32,16,16,1
448,352,32,32,16,16,1
480,400,32,48,16,32,1
480,448,32,32,16,0,1
448,416,32,32,16,0,1
416,416,32,24,16,0,1
480,384,32,16,16,0,1
384,416,32,16,16,0,1
464,448,16,32,8,31,1
448,448,16,32,8,31,1
448,480,16,32,8,31,1
464,480,16,32,8,0,1
288,416,24,48,12,47,1
288,464,24,40,12,39,1
320,304,16,16,8,8,1
336,304,16,16,8,8,1
352,304,16,16,8,8,1
312,416,24,48,24,32,1
312,416,24,48,0,32,9
352,440,48,72,24,36,1
368,304,80,16,8,8,1
448,304,64,16,8,8,9
480,496,24,16,12,8,1
496,488,16,16,8,8,1
480,496,32,8,16,4,1
480,488,24,16,12,8,1
488,488,16,24,8,12,1
488,496,24,16,12,8,1
192,480,96,32,48,16,1
400,504,32,8,16,4,1
400,504,24,8,24,4,1
400,504,24,8,0,4,9
432,504,8,8,4,4,1
440,504,8,8,4,4,1
400,432,8,8,4,4,1
408,432,8,8,4,4,1
312,464,24,48,12,42,1
0,0,16,16,8,15,1
0,0,16,16,8,15,1
0,0,16,16,8,15,1
0,0,16,16,8,15,1
0,0,16,16,8,15,1
0,0,16,16,8,15,1
0,0,16,16,8,15,1
0,0,16,16,8,15,1
0,0,16,16,8,15,1
0,0,16,16,8,15,1
0,0,16,16,8,15,1
0,0,16,16,8,15,1
0,0,16,16,8,15,1
0,0,16,16,8,15,1
0,0,16,16,8,15,1
0,0,16,16,8,15,1
0,0,16,16,8,15,1
0,0,16,16,8,15,1
0,0,16,16,8,15,1
0,0,16,16,8,15,1
0,0,16,16,8,15,1
0,0,16,16,8,15,1
0,0,16,16,8,15,1
0,0,16,16,8,15,1
0,0,16,16,8,15,1
0,0,16,16,8,15,1
0,0,16,16,8,15,1
0,0,16,16,8,15,1
0,0,16,16,8,15,1
0,0,16,16,8,15,1
0,0,16,16,8,15,1
0,0,16,16,8,15,1
0,0,16,16,8,15,1
0,0,16,16,8,15,1
0,0,16,16,8,15,1
0,0,16,16,8,15,1
0,0,16,16,8,15,1
0,0,16,16,8,15,1
0,0,16,16,8,15,1
0,0,16,16,8,15,1
0,0,16,16,8,15,1
0,0,16,16,8,15,1
0,0,16,16,8,15,1
0,0,16,16,8,15,1
0,0,16,16,8,15,1
0,0,16,16,8,15,1
0,0,16,16,8,15,1
0,0,16,16,8,15,1
0,0,16,16,8,15,1
0,0,16,16,8,15,1
0,0,16,16,8,15,1
0,0,16,16,8,15,1
0,0,16,16,8,15,1
0,0,16,16,8,15,1
0,0,16,16,8,15,1
0,0,16,16,8,15,1
0,0,16,16,8,15,1
0,0,16,16,8,15,1
0,0,16,16,8,15,1
0,0,16,16,8,15,1
0,0,16,16,8,15,1
0,0,16,16,8,15,1
0,0,16,16,8,15,1
0,0,16,16,8,15,1
0,0,16,16,8,15,1
0,0,16,16,8,15,1
0,0,16,16,8,15,1
0,0,16,16,8,15,1
0,0,16,16,8,15,1
0,0,16,16,8,15,1
0,0,16,16,8,15,1
0,0,16,16,8,15,1
0,0,16,16,8,15,1
0,0,16,16,8,15,1
0,0,16,16,8,15,1
0,0,16,16,8,15,1
0,0,16,16,8,15,1
0,0,16,16,8,15,1
0,0,16,16,8,15,1
0,0,16,16,8,15,1
0,0,16,16,8,15,1
0,0,16,16,8,15,1
0,0,16,16,8,15,1
0,0,16,16,8,15,1
0,0,16,16,8,15,1
0,0,16,16,8,15,1
0,0,16,16,8,15,1
0,0,16,16,8,15,1
0,0,16,16,8,15,1
0,0,16,16,8,15,1
0,0,16,16,8,15,1
0,0,16,16,8,15,1
0,0,16,16,8,15,1
0,0,16,16,8,15,1
0,0,16,16,8,15,1
0,0,16,16,8,15,1
0,0,16,16,8,15,1
0,0,16,16,8,15,1
0,0,16,16,8,15,1
0,0,16,16,8,15,1
0,0,16,16,8,15,1
0,0,16,16,8,15,1
0,0,16,16,8,15,1
0,0,16,16,8,15,1
0,0,16,16,8,15,1
0,0,16,16,8,15,1
0,0,16,16,8,15,1
0,0,16,16,8,15,1
0,0,16,16,8,15,1
0,0,16,16,8,15,1
0,0,16,16,8,15,1
0,0,16,16,8,15,1
0,0,16,16,8,15,1
0,0,16,16,8,15,1
0,0,16,16,8,15,1
0,0,16,16,8,15,1
0,0,16,16,8,15,1
0,0,16,16,8,15,1
0,0,16,16,8,15,1
0,0,16,16,8,15,1
0,0,16,16,8,15,1
0,0,16,16,8,15,1
0,0,16,16,8,15,1
0,0,16,16,8,15,1
0,0,16,16,8,15,1
0,0,16,16,8,15,1
0,0,16,16,8,15,1
0,0,16,16,8,15,1
0,0,16,16,8,15,1
0,0,16,16,8,15,1
0,0,16,16,8,15,1
0,0,16,16,8,15,1
0,0,16,16,8,15,1
0,0,16,16,8,15,1
0,0,16,16,8,15,1
0,0,16,16,8,15,1
0,0,16,16,8,15,1
0,0,16,16,8,15,1
0,0,16,16,8,15,1
0,0,16,16,8,15,1
0,0,16,16,8,15,1
0,0,16,16,8,15,1
0,0,16,16,8,15,1
0,0,16,16,8,15,1
0,0,16,16,8,15,1
0,0,16,16,8,15,1
0,0,16,16,8,15,1
0,0,16,16,8,15,1
0,0,16,16,8,15,1
0,0,16,16,8,15,1
0,0,16,16,8,15,1
0,0,16,16,8,15,1
0,0,16,16,8,15,1
0,0,16,16,8,15,1
0,0,16,16,8,15,1
0,0,16,16,8,15,1
0,0,16,16,8,15,1
0,0,16,16,8,15,1
0,0,16,16,8,15,1
0,0,16,16,8,15,1
0,0,16,16,8,15,1
0,0,16,16,8,15,1
0,0,16,16,8,15,1
0,0,16,16,8,15,1
0,0,16,16,8,15,1
0,0,16,16,8,15,1
0,0,16,16,8,15,1
0,0,16,16,8,15,1
0,0,16,16,8,15,1
0,0,16,16,8,15,1
0,0,16,16,8,15,1
0,0,16,16,8,15,1
0,0,16,16,8,15,1
0,0,16,16,8,15,1
0,0,16,16,8,15,1
0,0,16,16,8,15,1
0,0,16,16,8,15,1
0,0,16,16,8,15,1
0,0,16,16,8,15,1
0,0,16,16,8,15,1
0,0,16,16,8,15,1
0,0,16,16,8,15,1
0,0,16,16,8,15,1
0,0,16,16,8,15,1
0,0,16,16,8,15,1
0,0,16,16,8,15,1
0,0,16,16,8,15,1
0,0,16,16,8,15,1
0,0,16,16,8,15,1
0,0,16,16,8,15,1
0,0,16,16,8,15,1
0,0,16,16,8,15,1
0,0,16,16,8,15,1
0,0,16,16,8,15,1
0,0,16,16,8,15,1
0,0,16,16,8,15,1
0,0,16,16,8,15,1
0,0,16,16,8,15,1
0,0,16,16,8,15,1
0,0,16,16,8,15,1
0,0,16,16,8,15,1
0,0,16,16,8,15,1
0,0,16,16,8,15,1
0,0,16,16,8,15,1
0,0,16,16,8,15,1
0,0,16,16,8,15,1
0,0,16,16,8,15,1
0,0,16,16,8,15,1
0,0,16,16,8,15,1
0,0,16,16,8,15,1
0,0,16,16,8,15,1
0,0,16,16,8,15,1
0,0,16,16,8,15,1
0,0,16,16,8,15,1
0,0,16,16,8,15,1
0,0,16,16,8,15,1
0,0,16,16,8,15,1
0,0,16,16,8,15,1
0,0,16,16,8,15,1
0,0,16,16,8,15,1
0,0,16,16,8,15,1
0,0,16,16,8,15,1
0,0,16,16,8,15,1
0,0,16,16,8,15,1
0,0,16,16,8,15,1
0,0,16,16,8,15,1
0,0,16,16,8,15,1
0,0,16,16,8,15,1
0,0,16,16,8,15,1
0,0,16,16,8,15,1
0,0,16,16,8,15,1
0,0,16,16,8,15,1
0,0,16,16,8,15,1
0,0,16,16,8,15,1
0,0,16,16,8,15,1
0,0,16,16,8,15,1
0,0,16,16,8,15,1
0,0,16,16,8,15,1
0,0,16,16,8,15,1
0,0,16,16,8,15,1
0,0,16,16,8,15,1
0,0,16,16,8,15,1
0,0,16,16,8,15,1
0,0,16,16,8,15,1
0,0,16,16,8,15,1
0,0,16,16,8,15,1
0,0,16,16,8,15,1
0,0,16,16,8,15,1
0,0,16,16,8,15,1
0,0,16,16,8,15,1
0,0,16,16,8,15,1
0,0,16,16,8,15,1
0,0,16,16,8,15,1
0,0,16,16,8,15,1
0,0,16,16,8,15,1
0,0,16,16,8,15,1
0,0,16,16,8,15,1
0,0,16,16,8,15,1
0,0,16,16,8,15,1
0,0,16,16,8,15,1
0,0,16,16,8,15,1
0,0,16,16,8,15,1
0,0,16,16,8,15,1
0,0,16,16,8,15,1
0,0,16,16,8,15,1
0,0,16,16,8,15,1
0,0,16,16,8,15,1
0,0,16,16,8,15,1
0,0,16,16,8,15,1
0,0,16,16,8,15,1
0,0,16,16,8,15,1
0,0,16,16,8,15,1
0,0,16,16,8,15,1
0,0,16,16,8,15,1
0,0,16,16,8,15,1
0,0,16,16,8,15,1
0,0,16,16,8,15,1
0,0,16,16,8,15,1
0,0,16,16,8,15,1
0,0,16,16,8,15,1
0,0,16,16,8,15,1
0,0,16,16,8,15,1
0,0,16,16,8,15,1
0,0,16,16,8,15,1
0,0,16,16,8,15,1
0,0,16,16,8,15,1
0,0,16,16,8,15,1
0,0,16,16,8,15,1
0,0,16,16,8,15,1
0,0,16,16,8,15,1
0,0,16,16,8,15,1
0,0,16,16,8,15,1
0,0,16,16,8,15,1
0,0,16,16,8,15,1
0,0,16,16,8,15,1
0,0,16,16,8,15,1
0,0,16,16,8,15,1
0,0,16,16,8,15,1
0,0,16,16,8,15,1
0,0,16,16,8,15,1
0,0,16,16,8,15,1
0,0,16,16,8,15,1
0,0,16,16,8,15,1
0,0,16,16,8,15,1
0,0,16,16,8,15,1
0,0,16,16,8,15,1
0,0,16,16,8,15,1
0,0,16,16,8,15,1
0,0,16,16,8,15,1
0,0,16,16,8,15,1
0,0,16,16,8,15,1
0,0,16,16,8,15,1
0,0,16,16,8,15,1
0,0,16,16,8,15,1
0,0,16,16,8,15,1
0,0,16,16,8,15,1
0,0,16,16,8,15,1
0,0,16,16,8,15,1
0,0,16,16,8,15,1
0,0,16,16,8,15,1
0,0,16,16,8,15,1
0,0,16,16,8,15,1
0,0,16,16,8,15,1
0,0,16,16,8,15,1
0,0,16,16,8,15,1
0,0,16,16,8,15,1
0,0,16,16,8,15,1
0,0,16,16,8,15,1
0,0,16,16,8,15,1
0,0,16,16,8,15,1
0,0,16,16,8,15,1
0,0,16,16,8,15,1
0,0,16,16,8,15,1
0,0,16,16,8,15,1
0,0,16,16,8,15,1
0,0,16,16,8,15,1
0,0,16,16,8,15,1
0,0,16,16,8,15,1
0,0,16,16,8,15,1
0,0,16,16,8,15,1
0,0,16,16,8,15,1
0,0,16,16,8,15,1
0,0,16,16,8,15,1
0,0,16,16,8,15,1
0,0,16,16,8,15,1
0,0,16,16,8,15,1
0,0,16,16,8,15,1
0,0,16,16,8,15,1
0,0,16,16,8,15,1
0,0,16,16,8,15,1
0,0,16,16,8,15,1
0,0,16,16,8,15,1
0,0,16,16,8,15,1
0,0,16,16,8,15,1
0,0,16,16,8,15,1
0,0,16,16,8,15,1
0,0,16,16,8,15,1
0,0,16,16,8,15,1
0,0,16,16,8,15,1
0,0,16,16,8,15,1
0,0,16,16,8,15,1
0,0,16,16,8,15,1
0,0,16,16,8,15,1
0,0,16,16,8,15,1
0,0,16,16,8,15,1
0,0,16,16,8,15,1
0,0,16,16,8,15,1
0,0,16,16,8,15,1
0,0,16,16,8,15,1
0,0,16,16,8,15,1
0,0,16,16,8,15,1
0,0,16,16,8,15,1
0,0,16,16,8,15,1
0,0,16,16,8,15,1
0,0,16,16,8,15,1
0,0,16,16,8,15,1
0,0,16,16,8,15,1
0,0,16,16,8,15,1
0,0,16,16,8,15,1
0,0,16,16,8,15,1
0,0,16,16,8,15,1
0,0,16,16,8,15,1
0,0,16,16,8,15,1
0,0,16,16,8,15,1
0,0,16,16,8,15,1
0,0,16,16,8,15,1
0,0,16,16,8,15,1
0,0,16,16,8,15,1
0,0,16,16,8,15,1
0,0,16,16,8,15,1
0,0,16,16,8,15,1
0,0,16,16,8,15,1
0,0,16,16,8,15,1
0,0,16,16,8,15,1
0,0,16,16,8,15,1
0,0,16,16,8,15,1
0,0,16,16,8,15,1
0,0,16,16,8,15,1
0,0,16,16,8,15,1
0,0,16,16,8,15,1
0,0,16,16,8,15,1
0,0,16,16,8,15,1
0,0,16,16,8,15,1
0,0,16,16,8,15,1
0,0,16,16,8,15,1
0,0,16,16,8,15,1
0,0,16,16,8,15,1
0,0,16,16,8,15,1
0,0,16,16,8,15,1
0,0,16,16,8,15,1
0,0,16,16,8,15,1
0,0,16,16,8,15,1
0,0,16,16,8,15,1
0,0,16,16,8,15,1
0,0,16,16,8,15,1
0,0,16,16,8,15,1
0,0,16,16,8,15,1
0,0,16,16,8,15,1
0,0,16,16,8,15,1
0,0,16,16,8,15,1
0,0,16,16,8,15,1
0,0,16,16,8,15,1
0,0,16,16,8,15,1
0,0,16,16,8,15,1
0,0,16,16,8,15,1
0,0,16,16,8,15,1
0,0,16,16,8,15,1
0,0,16,16,8,15,1
0,0,16,16,8,15,1
0,0,16,16,8,15,1
0,0,16,16,8,15,1
0,0,16,16,8,15,1
0,0,16,16,8,15,1
0,0,16,16,8,15,1
0,0,16,16,8,15,1
0,0,16,16,8,15,1
0,0,16,16,8,15,1
0,0,16,16,8,15,1
0,0,16,16,8,15,1
0,0,16,16,8,15,1
0,0,16,16,8,15,1
0,0,16,16,8,15,1
0,0,16,16,8,15,1
0,0,16,16,8,15,1
0,0,16,16,8,15,1
0,0,16,16,8,15,1
0,0,16,16,8,15,1
0,0,16,16,8,15,1
0,0,16,16,8,15,1
0,0,16,16,8,15,1
0,0,16,16,8,15,1
0,0,16,16,8,15,1
0,0,16,16,8,15,1
0,0,16,16,8,15,1
0,0,16,16,8,15,1
0,0,16,16,8,15,1
0,0,16,16,8,15,1
0,0,16,16,8,15,1
0,0,16,16,8,15,1
0,0,16,16,8,15,1
0,0,16,16,8,15,1
0,0,16,16,8,15,1
0,0,16,16,8,15,1
0,0,16,16,8,15,1
0,0,16,16,8,15,1
0,0,16,16,8,15,1
0,0,16,16,8,15,1
0,0,16,16,8,15,1
0,0,16,16,8,15,1
0,0,16,16,8,15,1
0,0,16,16,8,15,1
0,0,16,16,8,15,1
0,0,16,16,8,15,1
0,0,16,16,8,15,1
0,0,16,16,8,15,1
0,0,16,16,8,15,1
0,0,16,16,8,15,1
0,0,16,16,8,15,1
0,0,16,16,8,15,1
0,0,16,16,8,15,1
0,0,16,16,8,15,1
0,0,16,16,8,15,1
0,0,16,16,8,15,1
0,0,16,16,8,15,1
0,0,16,16,8,15,1
0,0,16,16,8,15,1
0,0,16,16,8,15,1
0,0,16,16,8,15,1
0,0,16,16,8,15,1
0,0,16,16,8,15,1
0,0,16,16,8,15,1
0,0,16,16,8,15,1
0,0,16,16,8,15,1
0,0,16,16,8,15,1
0,0,16,16,8,15,1
0,0,16,16,8,15,1
0,0,16,16,8,15,1
0,0,16,16,8,15,1
0,0,16,16,8,15,1
0,0,16,16,8,15,1
0,0,16,16,8,15,1
0,0,16,16,8,15,1
0,0,16,16,8,15,1
0,0,16,16,8,15,1
0,0,16,16,8,15,1
0,0,16,16,8,15,1
0,0,16,16,8,15,1
0,0,16,16,8,15,1
0,0,16,16,8,15,1
0,0,16,16,8,15,1
0,0,16,16,8,15,1
0,0,16,16,8,15,1
0,0,16,16,8,15,1
0,0,16,16,8,15,1
0,0,16,16,8,15,1
0,0,16,16,8,15,1
0,0,16,16,8,15,1
0,0,16,16,8,15,1
0,0,16,16,8,15,1
0,0,16,16,8,15,1
0,0,16,16,8,15,1
0,0,16,16,8,15,1
0,0,16,16,8,15,1
0,0,16,16,8,15,1
0,0,16,16,8,15,1
0,0,16,16,8,15,1
0,0,16,16,8,15,1
0,0,16,16,8,15,1
0,0,16,16,8,15,1
0,0,16,16,8,15,1
0,0,16,16,8,15,1
0,0,16,16,8,15,1
0,0,16,16,8,15,1
0,0,16,16,8,15,1
0,0,16,16,8,15,1
0,0,16,16,8,15,1
0,0,16,16,8,15,1
0,0,16,16,8,15,1
0,0,16,16,8,15,1
0,0,16,16,8,15,1
0,0,16,16,8,15,1
0,0,16,16,8,15,1
0,0,16,16,8,15,1
0,0,16,16,8,15,1
0,0,16,16,8,15,1
0,0,16,16,8,15,1
0,0,16,16,8,15,1
0,0,16,16,8,15,1
0,0,16,16,8,15,1
0,0,16,16,8,15,1
0,0,16,16,8,15,1
0,0,16,16,8,15,1
0,0,16,16,8,15,1
0,0,16,16,8,15,1
0,0,16,16,8,15,1
0,0,16,16,8,15,1
0,0,16,16,8,15,1
0,0,16,16,8,15,1
0,0,16,16,8,15,1
0,0,16,16,8,15,1
0,0,16,16,8,15,1
0,0,16,16,8,15,1
0,0,16,16,8,15,1
0,0,16,16,8,15,1
0,0,16,16,8,15,1
192,480,96,32,48,16,1
